  0.43495297851562498      ,           1
  0.26085820312499997      ,           2
  0.16311767578125000      ,           3
   9.8662060546875013E-002 ,           4
   5.1643212890624984E-002 ,           5
   1.5675537109374998E-002 ,           6
  -1.2739941406250010E-002 ,           7
  -3.5465820312500007E-002 ,           8
  -5.4054443359374996E-002 ,           9
  -6.9739941406250006E-002 ,          10
  -8.2312695312500003E-002 ,          11
  -9.3200097656250008E-002 ,          12
 -0.10220244140625001      ,          13
 -0.10963125000000000      ,          14
 -0.11585444335937500      ,          15
 -0.12140224609375000      ,          16
 -0.12604951171875001      ,          17
 -0.13008286132812499      ,          18
 -0.13364853515625000      ,          19
 -0.13663496093749999      ,          20
 -0.13919560546875001      ,          21
 -0.14142031250000001      ,          22
 -0.14323652343750001      ,          23
 -0.14472153320312500      ,          24
 -0.14600673828124999      ,          25
 -0.14692851562500001      ,          26
 -0.14800942382812501      ,          27
 -0.14882001953125001      ,          28
 -0.14938476562500000      ,          29
 -0.15000712890625001      ,          30
 -0.15046289062500001      ,          31
