  0.38177426757812505      ,           1
  0.22211782226562499      ,           2
  0.13131577148437501      ,           3
   7.0104248046874984E-002 ,           4
   2.4078515625000019E-002 ,           5
  -1.1416357421874995E-002 ,           6
  -4.0067675781249978E-002 ,           7
  -6.4138378906249988E-002 ,           8
  -8.4192773437499979E-002 ,           9
 -0.10125322265625000      ,          10
 -0.11578041992187499      ,          11
 -0.12853569335937498      ,          12
 -0.13959555664062501      ,          13
 -0.14896728515624999      ,          14
 -0.15734741210937497      ,          15
 -0.16445205078125000      ,          16
 -0.17105195312499999      ,          17
 -0.17687280273437500      ,          18
 -0.18208906249999998      ,          19
 -0.18677587890625000      ,          20
 -0.19093012695312500      ,          21
 -0.19465229492187500      ,          22
 -0.19787998046874999      ,          23
 -0.20082099609374998      ,          24
 -0.20330498046875001      ,          25
 -0.20549497070312500      ,          26
 -0.20741069335937498      ,          27
 -0.20908759765624998      ,          28
 -0.21058095703124999      ,          29
 -0.21190214843749999      ,          30
 -0.21322226562499999      ,          31
