  0.44411796875000004      ,           1
  0.25770878906250000      ,           2
  0.15506362304687499      ,           3
   8.9428906249999995E-002 ,           4
   4.3417529296875007E-002 ,           5
   9.7291992187500120E-003 ,           6
  -1.5152539062499998E-002 ,           7
  -3.4656640624999999E-002 ,           8
  -5.0110888671875006E-002 ,           9
  -6.2527929687499997E-002 ,          10
  -7.2292822265625001E-002 ,          11
  -8.0364941406250001E-002 ,          12
  -8.6813183593749996E-002 ,          13
  -9.2072998046874993E-002 ,          14
  -9.6649414062499994E-002 ,          15
 -0.10053364257812500      ,          16
 -0.10338403320312500      ,          17
 -0.10553022460937500      ,          18
 -0.10742963867187499      ,          19
 -0.10868486328125000      ,          20
 -0.10999091796875000      ,          21
 -0.11049663085937500      ,          22
 -0.11139589843750000      ,          23
 -0.11182768554687500      ,          24
 -0.11248784179687500      ,          25
 -0.11277602539062501      ,          26
 -0.11315400390624999      ,          27
 -0.11376967773437500      ,          28
 -0.11412744140625000      ,          29
 -0.11451328125000000      ,          30
 -0.11426123046875000      ,          31
