  0.42653720703124998      ,           1
  0.25455219726562495      ,           2
  0.15750107421875001      ,           3
   9.3191064453125000E-002 ,           4
   4.6342041015625002E-002 ,           5
   1.0478320312499984E-002 ,           6
  -1.7978759765624991E-002 ,           7
  -4.0605957031250001E-002 ,           8
  -5.9429492187500002E-002 ,           9
  -7.5209570312500001E-002 ,          10
  -8.8579003906250009E-002 ,          11
  -9.9622119140625007E-002 ,          12
 -0.10926147460937501      ,          13
 -0.11732001953125001      ,          14
 -0.12397880859375000      ,          15
 -0.12983369140625001      ,          16
 -0.13482299804687500      ,          17
 -0.13918002929687501      ,          18
 -0.14262973632812501      ,          19
 -0.14593349609375000      ,          20
 -0.14846372070312500      ,          21
 -0.15076376953125001      ,          22
 -0.15258281250000000      ,          23
 -0.15438574218750001      ,          24
 -0.15627553710937500      ,          25
 -0.15766386718750000      ,          26
 -0.15874794921875002      ,          27
 -0.15965249023437500      ,          28
 -0.16037031250000000      ,          29
 -0.16097817382812502      ,          30
 -0.16149497070312502      ,          31
