  0.44447021484375004      ,           1
  0.26026391601562499      ,           2
  0.15828520507812499      ,           3
   9.2316943359375001E-002 ,           4
   4.5537353515625004E-002 ,           5
   1.1566650390625002E-002 ,           6
  -1.4366406249999991E-002 ,           7
  -3.4428906250000002E-002 ,           8
  -5.0083056640624998E-002 ,           9
  -6.2997558593750003E-002 ,          10
  -7.3641064453124988E-002 ,          11
  -8.1977880859374991E-002 ,          12
  -8.8948535156249994E-002 ,          13
  -9.4604443359374998E-002 ,          14
  -9.9251757812499994E-002 ,          15
 -0.10286391601562500      ,          16
 -0.10598432617187500      ,          17
 -0.10882866210937500      ,          18
 -0.11128750000000000      ,          19
 -0.11279628906250000      ,          20
 -0.11420234374999999      ,          21
 -0.11521757812500000      ,          22
 -0.11610844726562500      ,          23
 -0.11711391601562500      ,          24
 -0.11771884765625000      ,          25
 -0.11825834960937499      ,          26
 -0.11896860351562499      ,          27
 -0.11921752929687500      ,          28
 -0.11958637695312499      ,          29
 -0.11976796875000000      ,          30
 -0.11972739257812499      ,          31
