  0.41822441406249999      ,           1
  0.24933471679687502      ,           2
  0.15403935546874997      ,           3
   9.0372802734374980E-002 ,           4
   4.3867578125000001E-002 ,           5
   8.1301757812499986E-003 ,           6
  -2.0288720703125013E-002 ,           7
  -4.3428417968749994E-002 ,           8
  -6.2498828125000003E-002 ,           9
  -7.8445263671875001E-002 ,          10
  -9.2149951171875008E-002 ,          11
 -0.10365483398437500      ,          12
 -0.11357182617187500      ,          13
 -0.12203305664062500      ,          14
 -0.12957329101562501      ,          15
 -0.13603330078125001      ,          16
 -0.14181040039062501      ,          17
 -0.14655283203125000      ,          18
 -0.15104326171874999      ,          19
 -0.15503759765625000      ,          20
 -0.15841782226562501      ,          21
 -0.16119438476562500      ,          22
 -0.16371425781250001      ,          23
 -0.16569541015625000      ,          24
 -0.16739965820312500      ,          25
 -0.16877246093750001      ,          26
 -0.17014287109375001      ,          27
 -0.17094814453125001      ,          28
 -0.17184179687500001      ,          29
 -0.17264350585937499      ,          30
 -0.17316552734375001      ,          31
