  0.44415922851562506      ,           1
  0.25641015624999997      ,           2
  0.15377451171874998      ,           3
   8.7887646484374998E-002 ,           4
   4.3118212890625007E-002 ,           5
   9.6330078124999968E-003 ,           6
  -1.5302246093749999E-002 ,           7
  -3.4674218749999999E-002 ,           8
  -5.0275585937499999E-002 ,           9
  -6.2076904296874999E-002 ,          10
  -7.1468310546874997E-002 ,          11
  -7.8889453124999995E-002 ,          12
  -8.4777148437500005E-002 ,          13
  -8.9851660156249999E-002 ,          14
  -9.3939013671875002E-002 ,          15
  -9.7050537109375001E-002 ,          16
  -9.9236816406249997E-002 ,          17
 -0.10159760742187500      ,          18
 -0.10324882812500000      ,          19
 -0.10485595703125000      ,          20
 -0.10603398437500000      ,          21
 -0.10693715820312499      ,          22
 -0.10751513671875000      ,          23
 -0.10819785156250000      ,          24
 -0.10857900390625000      ,          25
 -0.10945585937499999      ,          26
 -0.10969160156249999      ,          27
 -0.10976469726562500      ,          28
 -0.11016713867187500      ,          29
 -0.11047983398437500      ,          30
 -0.11011225585937499      ,          31
