   5.00000000     , -0.42923125000000001      ,   3.8675732581238000E-004 ,   4.8765231645674056E-005
   4.98999977     , -0.42896250000000002      ,   3.8722557913190437E-004 ,   1.3004558743504396E-004
   4.98000002     , -0.43016562500000000      ,   3.7635502368526380E-004 ,   1.7779334179703562E-004
   4.96999979     , -0.43187812500000000      ,   3.9958875367995513E-004 ,   2.1636600389478340E-004
   4.96000004     , -0.43036562499999997      ,   3.9605883414141200E-004 ,   2.4987507532411363E-004
   4.94999981     , -0.43147812499999999      ,   3.8729379484533829E-004 ,   2.7937229477068102E-004
   4.94000006     , -0.43503750000000002      ,   4.0487312139377436E-004 ,   3.0690803949546012E-004
   4.92999983     , -0.43775625000000001      ,   3.9728169219531889E-004 ,   3.3316556766487660E-004
   4.92000008     , -0.43500000000000000      ,   3.8394577130748057E-004 ,   3.5806334649454800E-004
   4.90999985     , -0.43829374999999998      ,   3.9475339068578024E-004 ,   3.8136336295177087E-004
   4.90000010     , -0.43896249999999998      ,   4.0301846213687531E-004 ,   4.0427407592730360E-004
   4.88999987     , -0.43767187499999999      ,   3.9862059576130815E-004 ,   4.2634805093903853E-004
   4.88000011     , -0.44109999999999999      ,   4.0130198581952189E-004 ,   4.4750481499285596E-004
   4.86999989     , -0.43948124999999999      ,   3.9775342026238353E-004 ,   4.6841625046806592E-004
   4.86000013     , -0.44061562500000001      ,   4.1380613641778762E-004 ,   4.8859752826072261E-004
   4.84999990     , -0.44511875000000001      ,   4.0348508838120299E-004 ,   5.0848078153225293E-004
   4.84000015     , -0.44404687500000001      ,   4.1939455032812098E-004 ,   5.2853860625953482E-004
   4.82999992     , -0.44529999999999997      ,   4.0182438916326770E-004 ,   5.4796147825794737E-004
   4.82000017     , -0.44614999999999999      ,   4.1128161717987166E-004 ,   5.6716068702721239E-004
   4.80999994     , -0.44782499999999997      ,   4.1374718793683841E-004 ,   5.8619357220845059E-004
   4.80000019     , -0.45047500000000001      ,   4.1770547587352525E-004 ,   6.0511142134711050E-004
   4.78999996     , -0.45016250000000002      ,   4.3929425097722301E-004 ,   6.2424745569558096E-004
   4.78000021     , -0.45408749999999998      ,   4.3902876472665060E-004 ,   6.4312391880498392E-004
   4.76999998     , -0.45219999999999999      ,   4.1923412686478354E-004 ,   6.6201687292261665E-004
   4.76000023     , -0.44987812500000002      ,   4.2580451474684867E-004 ,   6.8044868757108964E-004
   4.75000000     , -0.45432187499999999      ,   4.4370601130659247E-004 ,   6.9856877342730982E-004
   4.73999977     , -0.45451562499999998      ,   4.3658228669429241E-004 ,   7.1696853495802223E-004
   4.73000002     , -0.45843125000000001      ,   4.3537900794347786E-004 ,   7.3517955742568480E-004
   4.71999979     , -0.46009687500000002      ,   4.3975983358067954E-004 ,   7.5372057319488320E-004
   4.71000004     , -0.46030937500000002      ,   4.4288016544554722E-004 ,   7.7226981834645355E-004
   4.69999981     , -0.45795937500000000      ,   4.4626202794653761E-004 ,   7.9068255094792673E-004
   4.69000006     , -0.46139374999999999      ,   4.4523548053192278E-004 ,   8.0872998518045274E-004
   4.67999983     , -0.46178437500000002      ,   4.4334048281158294E-004 ,   8.2697756562273594E-004
   4.67000008     , -0.46450625000000001      ,   4.5597862032677075E-004 ,   8.4522687265747994E-004
   4.65999985     , -0.46463125000000000      ,   4.5256693284966010E-004 ,   8.6365523282510529E-004
   4.65000010     , -0.46417187500000001      ,   4.3720673018227325E-004 ,   8.8189554081296532E-004
   4.63999987     , -0.46683750000000002      ,   4.4940198870215437E-004 ,   9.0003258267172352E-004
   4.63000011     , -0.46912187500000002      ,   4.6348365258998465E-004 ,   9.1847181287574070E-004
   4.61999989     , -0.46825624999999998      ,   4.7129102625076489E-004 ,   9.3713847141804968E-004
   4.61000013     , -0.47184687500000000      ,   4.7337825458352586E-004 ,   9.5566148222002531E-004
   4.59999990     , -0.46918124999999999      ,   4.6251544407254473E-004 ,   9.7442290189979895E-004
   4.59000015     , -0.47201874999999999      ,   4.7671665309603376E-004 ,   9.9287730962381864E-004
   4.57999992     , -0.47609687499999997      ,   4.6000256841916394E-004 ,   1.0115526681787684E-003
   4.57000017     , -0.47705937500000001      ,   4.5111211410450095E-004 ,   1.0304977678088337E-003
   4.55999994     , -0.47367500000000001      ,   4.8822781823223201E-004 ,   1.0496053550519218E-003
   4.55000019     , -0.47583750000000002      ,   4.7219636092005722E-004 ,   1.0683280742683305E-003
   4.53999996     , -0.48008750000000000      ,   4.6879303697069691E-004 ,   1.0872193799046574E-003
   4.53000021     , -0.48212812500000002      ,   5.0230703462191353E-004 ,   1.1066297213426373E-003
   4.51999998     , -0.48074062499999998      ,   4.8825850978865127E-004 ,   1.1261944009859461E-003
   4.51000023     , -0.48711250000000000      ,   4.8267707844739147E-004 ,   1.1456098665441794E-003
   4.50000000     , -0.48169374999999998      ,   4.9135987827511412E-004 ,   1.1655685816492312E-003
   4.48999977     , -0.48437187500000001      ,   5.0418430502140047E-004 ,   1.1850750327835208E-003
   4.48000002     , -0.48648750000000002      ,   5.1246031626995679E-004 ,   1.2048683224092905E-003
   4.47000027     , -0.48829375000000003      ,   5.1239725832861321E-004 ,   1.2249066576104268E-003
   4.46000004     , -0.48543124999999998      ,   5.1034696945880529E-004 ,   1.2450761657728053E-003
   4.44999981     , -0.49230625000000000      ,   5.2777455708612469E-004 ,   1.2650692482602615E-003
   4.44000006     , -0.48978749999999999      ,   5.0804185148447395E-004 ,   1.2856599008362712E-003
   4.42999983     , -0.49416562500000000      ,   5.2348462895841102E-004 ,   1.3060387281044366E-003
   4.42000008     , -0.49425937500000000      ,   5.0658662722479788E-004 ,   1.3267817734121808E-003
   4.40999985     , -0.49414687499999999      ,   5.3448391699360072E-004 ,   1.3476591207623465E-003
   4.40000010     , -0.49631874999999998      ,   5.4416234352835577E-004 ,   1.3686045455235316E-003
   4.38999987     , -0.49919999999999998      ,   5.1793450413102442E-004 ,   1.3897088016299394E-003
   4.38000011     , -0.49878125000000001      ,   5.3233754058491897E-004 ,   1.4111049699260321E-003
   4.36999989     , -0.50227812500000002      ,   5.4661790863849886E-004 ,   1.4325839880962039E-003
   4.36000013     , -0.50334374999999998      ,   5.3337827104986771E-004 ,   1.4544250777824602E-003
   4.34999990     , -0.50344062499999997      ,   5.5117543431271220E-004 ,   1.4763912633633074E-003
   4.34000015     , -0.50624999999999998      ,   5.4958982672505979E-004 ,   1.4984647115270167E-003
   4.32999992     , -0.50550625000000005      ,   5.4693593315764254E-004 ,   1.5208067485475373E-003
   4.32000017     , -0.50631250000000005      ,   5.5211571270326245E-004 ,   1.5431073670567365E-003
   4.30999994     , -0.51291874999999998      ,   5.4231628459840500E-004 ,   1.5655306446155746E-003
   4.30000019     , -0.51062187500000000      ,   5.4568755353611635E-004 ,   1.5886621369028142E-003
   4.28999996     , -0.51065312500000004      ,   5.5621615944956933E-004 ,   1.6116249992540463E-003
   4.28000021     , -0.51066250000000002      ,   5.6251506398308812E-004 ,   1.6346651046688534E-003
   4.26999998     , -0.51264374999999995      ,   5.4840016380694077E-004 ,   1.6576805399889853E-003
   4.26000023     , -0.51590000000000003      ,   5.4806240500188889E-004 ,   1.6809716615893253E-003
   4.25000000     , -0.52115937499999998      ,   5.7039283745721531E-004 ,   1.7047512440338010E-003
   4.23999977     , -0.52129062500000001      ,   5.7474308759096167E-004 ,   1.7292081433346164E-003
   4.23000002     , -0.51964687499999995      ,   5.8457557840992319E-004 ,   1.7537429005649444E-003
   4.22000027     , -0.52154999999999996      ,   5.6015362215873130E-004 ,   1.7780632030893651E-003
   4.21000004     , -0.52876875000000001      ,   5.8733346217931435E-004 ,   1.8027634291086162E-003
   4.19999981     , -0.52458749999999998      ,   5.9566142931450575E-004 ,   1.8283511427555077E-003
   4.19000006     , -0.52646875000000004      ,   5.8261279417431684E-004 ,   1.8535125884388977E-003
   4.17999983     , -0.53113125000000005      ,   6.0751991136235651E-004 ,   1.8790438863466102E-003
   4.17000008     , -0.52786875000000000      ,   5.9272453073601946E-004 ,   1.9050804372572215E-003
   4.15999985     , -0.53378124999999998      ,   6.0279211286877574E-004 ,   1.9308744546606708E-003
   4.15000010     , -0.53464999999999996      ,   6.1546609261387908E-004 ,   1.9574652054333550E-003
   4.13999987     , -0.53495000000000004      ,   6.0329395877278889E-004 ,   1.9841738939970427E-003
   4.13000011     , -0.53454999999999997      ,   5.9248772144766381E-004 ,   2.0109535898685804E-003
   4.11999989     , -0.53598749999999995      ,   6.0794206689479416E-004 ,   2.0378012300590579E-003
   4.11000013     , -0.53981250000000003      ,   6.4206483438671946E-004 ,   2.0650447939727454E-003
   4.09999990     , -0.54042500000000004      ,   6.3007738327271157E-004 ,   2.0928212612960945E-003
   4.09000015     , -0.54056562500000005      ,   6.3394956594867429E-004 ,   2.1207230509198058E-003
   4.07999992     , -0.54320312500000001      ,   6.0764965897888051E-004 ,   2.1486898217911920E-003
   4.07000017     , -0.54569687499999997      ,   6.2020071620355578E-004 ,   2.1770424492895705E-003
   4.05999994     , -0.54785937500000004      ,   6.2307774530514311E-004 ,   2.2058206245098213E-003
   4.05000019     , -0.55005312500000003      ,   6.5268524830840581E-004 ,   2.2350678615908441E-003
   4.03999996     , -0.55133437500000004      ,   6.4904447682953776E-004 ,   2.2646945465057858E-003
   4.03000021     , -0.55023437500000005      ,   6.4785036742159342E-004 ,   2.2945544894371005E-003
   4.01999998     , -0.55574374999999998      ,   6.6311285484840212E-004 ,   2.3245012006770966E-003
   4.01000023     , -0.55684062499999998      ,   6.7638386209714206E-004 ,   2.3552639329577486E-003
   4.00000000     , -0.55411250000000001      ,   6.6948006835937379E-004 ,   2.3862010452737545E-003
   3.99000001     , -0.55766562500000005      ,   6.5912144978863942E-004 ,   2.4169494281517695E-003
   3.98000002     , -0.56469687499999999      ,   6.8964339211846962E-004 ,   2.4483679343501358E-003
   3.97000003     , -0.56763437500000002      ,   6.9922191787465397E-004 ,   2.4808335404055424E-003
   3.96000004     , -0.56490937500000005      ,   6.9505128680188869E-004 ,   2.5137334322903803E-003
   3.95000005     , -0.56599062499999997      ,   6.7118983775989595E-004 ,   2.5463390253974150E-003
   3.94000006     , -0.56827187499999998      ,   7.0977079471925913E-004 ,   2.5793576927576009E-003
   3.93000007     , -0.57453750000000003      ,   7.0491383562238980E-004 ,   2.6128700953538401E-003
   3.92000008     , -0.56888749999999999      ,   7.2815250848620998E-004 ,   2.6472756082712057E-003
   3.90999985     , -0.57414062499999996      ,   7.2272643221531630E-004 ,   2.6812161044757433E-003
   3.90000010     , -0.57623437499999997      ,   7.3064262941955260E-004 ,   2.7159784559048156E-003
   3.88999987     , -0.57473437500000002      ,   7.1584927559287053E-004 ,   2.7510901900953157E-003
   3.88000011     , -0.57394062499999998      ,   7.0531443288299688E-004 ,   2.7860856245197452E-003
   3.86999989     , -0.58105937500000004      ,   7.3486433770087681E-004 ,   2.8213243013405841E-003
   3.86000013     , -0.57842499999999997      ,   7.2221736147797043E-004 ,   2.8575812532098655E-003
   3.84999990     , -0.58209999999999995      ,   7.5235475050285940E-004 ,   2.8937336359242064E-003
   3.84000015     , -0.58381249999999996      ,   7.3727473472297777E-004 ,   2.9305356857474364E-003
   3.82999992     , -0.58786875000000005      ,   7.2310856575902500E-004 ,   2.9676889399991037E-003
   3.82000017     , -0.59094687499999998      ,   7.5702944476014906E-004 ,   3.0056387598411840E-003
   3.80999994     , -0.59089062500000000      ,   7.4918023295764222E-004 ,   3.0441967354939104E-003
   3.80000019     , -0.59437187499999999      ,   7.5133446762062645E-004 ,   3.0829489413111868E-003
   3.78999996     , -0.59822500000000001      ,   7.7987076338924223E-004 ,   3.1225101496471972E-003
   3.77999997     , -0.60130937500000003      ,   8.3352240765892957E-004 ,   3.1629964974294942E-003
   3.76999998     , -0.59892812500000003      ,   7.8568683286068478E-004 ,   3.2039645626320210E-003
   3.75999999     , -0.60283437500000003      ,   8.2497918039534796E-004 ,   3.2448943676706967E-003
   3.75000000     , -0.60619374999999998      ,   7.9393321074131982E-004 ,   3.2865665847716975E-003
   3.74000001     , -0.60667187499999997      ,   7.7712994856630568E-004 ,   3.3288263718456142E-003
   3.73000002     , -0.61155625000000002      ,   8.0864610855397516E-004 ,   3.3714522940788659E-003
   3.72000003     , -0.60922187500000002      ,   8.2151014210336284E-004 ,   3.4150660441652678E-003
   3.71000004     , -0.61071562499999998      ,   8.4233286019779645E-004 ,   3.4586604932306756E-003
   3.70000005     , -0.61488437500000004      ,   8.4850850945819600E-004 ,   3.5027616614586427E-003
   3.69000006     , -0.61904062500000001      ,   8.4823061758824156E-004 ,   3.5477398255035161E-003
   3.68000007     , -0.61918437500000001      ,   8.2183408629969386E-004 ,   3.5934743027145350E-003
   3.67000008     , -0.62208437500000002      ,   8.5891913829691979E-004 ,   3.6395324875854755E-003
   3.66000009     , -0.62103437500000003      ,   8.7424088640779306E-004 ,   3.6863950498148817E-003
   3.65000010     , -0.62573124999999996      ,   8.6088884762697065E-004 ,   3.7333699608064750E-003
   3.63999987     , -0.62498750000000003      ,   8.5904726186423900E-004 ,   3.7812455041287057E-003
   3.63000011     , -0.63038437500000000      ,   8.2834374890963097E-004 ,   3.8292154469188508E-003
   3.61999989     , -0.63269687500000005      ,   8.5554565243689095E-004 ,   3.8783105435509328E-003
   3.61000013     , -0.63380625000000002      ,   8.6406141938888262E-004 ,   3.9281161592892092E-003
   3.59999990     , -0.63810312499999999      ,   9.0315743659212370E-004 ,   3.9785583156749767E-003
   3.59000015     , -0.63678437499999996      ,   9.0505187447891152E-004 ,   4.0300130694410170E-003
   3.57999992     , -0.64265625000000004      ,   9.1295967501500382E-004 ,   4.0815767786719090E-003
   3.57000017     , -0.64490625000000001      ,   9.1832304217279192E-004 ,   4.1344360508739960E-003
   3.55999994     , -0.64669687499999995      ,   9.3285673719697461E-004 ,   4.1880302595254382E-003
   3.55000019     , -0.64377499999999999      ,   9.3448857154279023E-004 ,   4.2421714787736061E-003
   3.53999996     , -0.65490625000000002      ,   9.4154558857438564E-004 ,   4.2963051099937886E-003
   3.53000021     , -0.65423437500000003      ,   9.5768996446671652E-004 ,   4.3526481528607629E-003
   3.51999998     , -0.65793749999999995      ,   9.5431140427000951E-004 ,   4.4092646027688136E-003
   3.50999999     , -0.65698124999999996      ,   9.3556240369664374E-004 ,   4.4667182572362771E-003
   3.50000000     , -0.66090937500000002      ,   9.5999043704937822E-004 ,   4.5244158091761596E-003
   3.49000001     , -0.66408124999999996      ,   9.6748632227832408E-004 ,   4.5832426974476530E-003
   3.48000002     , -0.66243125000000003      ,   9.4726455021631518E-004 ,   4.6428763344744722E-003
   3.47000003     , -0.66382187500000001      ,   9.8551149617240601E-004 ,   4.7026907861287938E-003
   3.46000004     , -0.66882187500000001      ,   1.0036779108154232E-003 ,   4.7632742289567837E-003
   3.45000005     , -0.67198437499999997      ,   1.0276068743250680E-003 ,   4.8252490894655688E-003
   3.44000006     , -0.67596562500000001      ,   1.0350323402162872E-003 ,   4.8882614570884128E-003
   3.43000007     , -0.67923437499999995      ,   1.0223396448414250E-003 ,   4.9524267763229168E-003
   3.42000008     , -0.67761562500000005      ,   9.9336143572734169E-004 ,   5.0174215100192892E-003
   3.41000009     , -0.68375624999999995      ,   1.0485398514213408E-003 ,   5.0827271465239601E-003
   3.40000010     , -0.68196875000000001      ,   1.0194492941661051E-003 ,   5.1495074362082919E-003
   3.38999987     , -0.68794062499999997      ,   1.0424495084161529E-003 ,   5.2164849109102504E-003
   3.38000011     , -0.69318749999999996      ,   1.1492393116414952E-003 ,   5.2854558004585168E-003
   3.36999989     , -0.69678125000000002      ,   1.0963522809943650E-003 ,   5.3559142875490790E-003
   3.36000013     , -0.69847812499999995      ,   1.0768984269410313E-003 ,   5.4273462404192509E-003
   3.34999990     , -0.69822187499999999      ,   1.1414302670296067E-003 ,   5.4998042689176109E-003
   3.34000015     , -0.70005937500000004      ,   1.0722548461628287E-003 ,   5.5724990589149058E-003
   3.32999992     , -0.69818749999999996      ,   1.1146365962207854E-003 ,   5.6460605566340206E-003
   3.32000017     , -0.70702812500000001      ,   1.1534881430935017E-003 ,   5.7199763082374597E-003
   3.30999994     , -0.71562187499999996      ,   1.1527032059470827E-003 ,   5.7963818414628774E-003
   3.30000019     , -0.71193125000000002      ,   1.1519390880485574E-003 ,   5.8749803187363161E-003
   3.28999996     , -0.71889687499999999      ,   1.1675271244148764E-003 ,   5.9534486927759660E-003
   3.28000021     , -0.71847499999999997      ,   1.1064320365548122E-003 ,   6.0337095134557249E-003
   3.26999998     , -0.71788750000000001      ,   1.1669667894293437E-003 ,   6.1145001978050052E-003
   3.25999999     , -0.72654062500000005      ,   1.2478380510460359E-003 ,   6.1961748781789189E-003
   3.25000000     , -0.72917500000000002      ,   1.2023587493519496E-003 ,   6.2802529876700248E-003
   3.24000001     , -0.73760000000000003      ,   1.2186332303151250E-003 ,   6.3655792034073011E-003
   3.23000002     , -0.73960937500000001      ,   1.2655833493515718E-003 ,   6.4537108068289870E-003
   3.22000003     , -0.73980937499999999      ,   1.2492047353794675E-003 ,   6.5427898646225361E-003
   3.21000004     , -0.74249062499999996      ,   1.2894125470328738E-003 ,   6.6327269921286980E-003
   3.20000005     , -0.74938749999999998      ,   1.3397136535644506E-003 ,   6.7241358707658509E-003
   3.19000006     , -0.74814999999999998      ,   1.2687602333323737E-003 ,   6.8176766799135109E-003
   3.18000007     , -0.75074062500000005      ,   1.2737482469372138E-003 ,   6.9114522420379819E-003
   3.17000008     , -0.76056875000000002      ,   1.3566103177180698E-003 ,   7.0068835138554957E-003
   3.16000009     , -0.75437500000000002      ,   1.3220991328591536E-003 ,   7.1053506117815289E-003
   3.15000010     , -0.76134374999999999      ,   1.3658813783044925E-003 ,   7.2031187535585616E-003
   3.13999987     , -0.76685000000000003      ,   1.3482520638267766E-003 ,   7.3033330611903414E-003
   3.13000011     , -0.76902499999999996      ,   1.3297773490087007E-003 ,   7.4056385418463213E-003
   3.11999989     , -0.77082812499999998      ,   1.3557879637666895E-003 ,   7.5092937498589859E-003
   3.11000013     , -0.77524062500000002      ,   1.4532345533600996E-003 ,   7.6145446302644578E-003
   3.09999990     , -0.78354999999999997      ,   1.4101913182903035E-003 ,   7.7219291405750011E-003
   3.09000015     , -0.78113437500000005      ,   1.4254344532990853E-003 ,   7.8321659271720738E-003
   3.07999992     , -0.78636249999999996      ,   1.4389467408851310E-003 ,   7.9426334234689085E-003
   3.07000017     , -0.78752500000000003      ,   1.5426616844921510E-003 ,   8.0557756922330394E-003
   3.05999994     , -0.79466562500000004      ,   1.5095702978401998E-003 ,   8.1701485329614340E-003
   3.05000019     , -0.80040312499999999      ,   1.4870519954754417E-003 ,   8.2872433032589350E-003
   3.03999996     , -0.81008749999999996      ,   1.5523957926338718E-003 ,   8.4071978334811833E-003
   3.03000021     , -0.80255937499999996      ,   1.5732985825356897E-003 ,   8.5309433721365204E-003
   3.01999998     , -0.80850937499999997      ,   1.5192742328387174E-003 ,   8.6532228585475407E-003
   3.00999999     , -0.81330312500000002      ,   1.5130073906875895E-003 ,   8.7781349235174101E-003
   3.00000000     , -0.81892187500000002      ,   1.4840517327492815E-003 ,   8.9053478015752602E-003
   2.99000001     , -0.82330625000000002      ,   1.5564989701662999E-003 ,   9.0354440809024671E-003
   2.98000002     , -0.82728437499999996      ,   1.5997116492183279E-003 ,   9.1682004959074588E-003
   2.97000003     , -0.82707187500000001      ,   1.6701403599775992E-003 ,   9.3035450691419282E-003
   2.96000004     , -0.83846874999999998      ,   1.7134583009645473E-003 ,   9.4403170687403157E-003
   2.95000005     , -0.84078750000000002      ,   1.6535426390976212E-003 ,   9.5816417048691840E-003
   2.94000006     , -0.83750000000000002      ,   1.6763554361204998E-003 ,   9.7246432929933395E-003
   2.93000007     , -0.85422812500000000      ,   1.8464950339811394E-003 ,   9.8685184751143382E-003
   2.92000008     , -0.84680000000000000      ,   1.7781599565697564E-003 ,   1.0019011152720348E-002
   2.91000009     , -0.86130312499999995      ,   1.8703628538097093E-003 ,   1.0168582929819764E-002
   2.90000010     , -0.86775312500000001      ,   1.8006454668191669E-003 ,   1.0324271592547188E-002
   2.89000010     , -0.85983750000000003      ,   1.7814663907497028E-003 ,   1.0483060862725617E-002
   2.88000011     , -0.86869687500000003      ,   1.8583657711205737E-003 ,   1.0640605663626261E-002
   2.87000012     , -0.87416562499999995      ,   1.7965594870055625E-003 ,   1.0802488781156146E-002
   2.86000013     , -0.87503125000000004      ,   1.7322172768957085E-003 ,   1.0967246671699894E-002
   2.85000014     , -0.88480625000000002      ,   1.8897554204323830E-003 ,   1.1134215598883383E-002
   2.84000015     , -0.89089375000000004      ,   1.9961345424450981E-003 ,   1.1306988467111069E-002
   2.83000016     , -0.89875937500000003      ,   2.0790581153582628E-003 ,   1.1484146692369411E-002
   2.81999993     , -0.88666875000000001      ,   1.9299981975876730E-003 ,   1.1665031906793343E-002
   2.80999994     , -0.89909375000000002      ,   1.9327875901312035E-003 ,   1.1842547258171967E-002
   2.79999995     , -0.91259687499999997      ,   2.0568474261253755E-003 ,   1.2027013283144259E-002
   2.78999996     , -0.91792187500000000      ,   2.1292585897206050E-003 ,   1.2219083869092080E-002
   2.77999997     , -0.91311249999999999      ,   2.0829697898125487E-003 ,   1.2414718458139538E-002
   2.76999998     , -0.91809062500000005      ,   2.0486423725336244E-003 ,   1.2609770897461495E-002
   2.75999999     , -0.93465937499999996      ,   2.0077613686500921E-003 ,   1.2808375590265325E-002
   2.75000000     , -0.93822499999999998      ,   2.3027199150538139E-003 ,   1.3016924829688893E-002
   2.74000001     , -0.94179687499999998      ,   2.3284923661130975E-003 ,   1.3229435395500895E-002
   2.73000002     , -0.94176249999999995      ,   2.2417994211935996E-003 ,   1.3444972920783329E-002
   2.72000003     , -0.96267499999999995      ,   2.4606786968517321E-003 ,   1.3663105175011214E-002
   2.71000004     , -0.95280937499999996      ,   2.3071302688831828E-003 ,   1.3892322879942328E-002
   2.70000005     , -0.97028437499999998      ,   2.6069581297875261E-003 ,   1.4119918629837113E-002
   2.69000006     , -0.98045312500000004      ,   2.5428194316767043E-003 ,   1.4358257842419070E-002
   2.68000007     , -0.98204999999999998      ,   2.6859906805738877E-003 ,   1.4604068273474774E-002
   2.67000008     , -0.98804999999999998      ,   2.6748064297676781E-003 ,   1.4852856731102987E-002
   2.66000009     ,  -1.0032562500000000      ,   2.5017259858928480E-003 ,   1.5106247753208769E-002
   2.65000010     ,  -1.0031000000000001      ,   2.7983514535120076E-003 ,   1.5370703880194335E-002
   2.64000010     ,  -1.0081531250000000      ,   2.6391793620980679E-003 ,   1.5636859308551420E-002
   2.63000011     ,  -1.0129843750000000      ,   2.7799480525129107E-003 ,   1.5908245008022289E-002
   2.62000012     ,  -1.0300187500000000      ,   3.1404170026236313E-003 ,   1.6186583932777426E-002
   2.61000013     ,  -1.0253312500000000      ,   2.7767152049124133E-003 ,   1.6475897856972413E-002
   2.60000014     ,  -1.0388937499999999      ,   3.0674274866700829E-003 ,   1.6765474239479484E-002
   2.59000015     ,  -1.0425374999999999      ,   3.2445515066894122E-003 ,   1.7066688554783039E-002
   2.58000016     ,  -1.0534968750000000      ,   3.2515324692578896E-003 ,   1.7372821082539812E-002
   2.57000017     ,  -1.0677500000000000      ,   3.4482375705624296E-003 ,   1.7689403113087997E-002
   2.55999994     ,  -1.0701968749999999      ,   3.4905353650450700E-003 ,   1.8018046452673180E-002
   2.54999995     ,  -1.0820937500000001      ,   3.6286333478973906E-003 ,   1.8351684098343014E-002
   2.53999996     ,  -1.0934343750000000      ,   3.7605657931052512E-003 ,   1.8696705227386642E-002
   2.52999997     ,  -1.0989156250000001      ,   3.7412836347840875E-003 ,   1.9052229367011762E-002
   2.51999998     ,  -1.1106781250000000      ,   3.8232416670464183E-003 ,   1.9414691277796357E-002
   2.50999999     ,  -1.1188906249999999      ,   4.0986500422754597E-003 ,   1.9789751257251100E-002
   2.50000000     ,  -1.1284937500000001      ,   4.2508129196246773E-003 ,   2.0175096735818146E-002
   2.49000001     ,  -1.1425687499999999      ,   4.4623822239038598E-003 ,   2.0571887432732895E-002
   2.48000002     ,  -1.1515562500000001      ,   4.4482689669644903E-003 ,   2.0982793596938179E-002
   2.47000003     ,  -1.1642437500000000      ,   4.6901004514615955E-003 ,   2.1404972757973869E-002
   2.46000004     ,  -1.1790156249999999      ,   4.7250766631172390E-003 ,   2.1841397740397714E-002
   2.45000005     ,  -1.1911281250000001      ,   5.0526257390314695E-003 ,   2.2294840788109432E-002
   2.44000006     ,  -1.2005843750000000      ,   4.9449037679516515E-003 ,   2.2761996976051871E-002
   2.43000007     ,  -1.2093406250000001      ,   4.9655676372562640E-003 ,   2.3240706476418221E-002
   2.42000008     ,  -1.2260906250000001      ,   5.2378208336397490E-003 ,   2.3732193872734956E-002
   2.41000009     ,  -1.2405750000000000      ,   5.1893841781986503E-003 ,   2.4242903598447860E-002
   2.40000010     ,  -1.2523312499999999      ,   5.3860361104570492E-003 ,   2.4771519819205327E-002
   2.39000010     ,  -1.2713874999999999      ,   5.5898841297078320E-003 ,   2.5316669556263167E-002
   2.38000011     ,  -1.2794531250000001      ,   5.9899945912061841E-003 ,   2.5886914272262817E-002
   2.37000012     ,  -1.3000375000000000      ,   5.6516196087495031E-003 ,   2.6468743351240005E-002
   2.36000013     ,  -1.3144031249999999      ,   5.8234548357087371E-003 ,   2.7076342491142418E-002
   2.35000014     ,  -1.3305187500000000      ,   6.0538260946977479E-003 ,   2.7705032751775958E-002
   2.34000015     ,  -1.3434406249999999      ,   5.8582420626612404E-003 ,   2.8355321435747941E-002
   2.33000016     ,  -1.3612750000000000      ,   6.0500862442180430E-003 ,   2.9025168723814727E-002
   2.32000017     ,  -1.3753062500000000      ,   6.2670072871883753E-003 ,   2.9721726428301249E-002
   2.30999994     ,  -1.3907031249999999      ,   6.0613717315337098E-003 ,   3.0439473954492782E-002
   2.29999995     ,  -1.4079874999999999      ,   5.9401420919956739E-003 ,   3.1179581581789337E-002
   2.28999996     ,  -1.4182562500000000      ,   5.8126693060927097E-003 ,   3.1945500156337882E-002
   2.27999997     ,  -1.4358875000000000      ,   5.8331758344609911E-003 ,   3.2729242390940987E-002
   2.26999998     ,  -1.4537031250000001      ,   5.9191881692710517E-003 ,   3.3542141889039798E-002
   2.25999999     ,  -1.4638343750000000      ,   5.7967589344906463E-003 ,   3.4383772203309945E-002
   2.25000000     ,  -1.4832749999999999      ,   5.6117594862553494E-003 ,   3.5243772008043336E-002
   2.24000001     ,  -1.4966531249999999      ,   5.5234636286957363E-003 ,   3.6136076354543724E-002
   2.23000002     ,  -1.5095406250000001      ,   5.5178637211507472E-003 ,   3.7053151946889476E-002
   2.22000003     ,  -1.5218156249999999      ,   5.2095829931586872E-003 ,   3.7993612772322723E-002
   2.21000004     ,  -1.5362437499999999      ,   5.0056727824353718E-003 ,   3.8957163242111056E-002
   2.20000005     ,  -1.5508031250000001      ,   4.9458952397030817E-003 ,   3.9948372642731669E-002
   2.19000006     ,  -1.5623406250000000      ,   4.9453678030246936E-003 ,   4.0968891967099283E-002
   2.18000007     ,  -1.5746187500000000      ,   4.6831829130588743E-003 ,   4.2013514846278320E-002
   2.17000008     ,  -1.5847093750000001      ,   4.6508615650000286E-003 ,   4.3084200543652293E-002
   2.16000009     ,  -1.5975937499999999      ,   4.4598301076420972E-003 ,   4.4177934946051718E-002
   2.15000010     ,  -1.6072718749999999      ,   4.3308078459334846E-003 ,   4.5299966020234679E-002
   2.14000010     ,  -1.6206250000000000      ,   4.3217724706627984E-003 ,   4.6446075800300100E-002
   2.13000011     ,  -1.6322093750000000      ,   4.1244102875900839E-003 ,   4.7622818231827964E-002
   2.12000012     ,  -1.6384812499999999      ,   3.9568318209976068E-003 ,   4.8827339980932485E-002
   2.11000013     ,  -1.6512281250000000      ,   3.9773678630953685E-003 ,   5.0051927061880837E-002
   2.10000014     ,  -1.6611187500000000      ,   3.7364310340229096E-003 ,   5.1307918040512220E-002
   2.09000015     ,  -1.6657031250000001      ,   4.0562949378816233E-003 ,   5.2592572749943584E-002
   2.08000016     ,  -1.6731843749999999      ,   3.8403146013532559E-003 ,   5.3895974888103722E-002
   2.07000017     ,  -1.6958875000000000      ,   3.3679677954488183E-003 ,   5.5221705428082170E-002
   2.06000018     ,  -1.7019562500000001      ,   3.1782924180999467E-003 ,   5.6600009582885219E-002
   2.04999995     ,  -1.7122687500000000      ,   3.0885367423786592E-003 ,   5.8000990131386342E-002
   2.03999996     ,  -1.7075562500000001      ,   3.1205115458238738E-003 ,   5.9434096237290603E-002
   2.02999997     ,  -1.7271812499999999      ,   2.8134517251314031E-003 ,   6.0869815004944455E-002
   2.01999998     ,  -1.7251562499999999      ,   3.1723383791239109E-003 ,   6.2358434120627818E-002
   2.00999999     ,  -1.7323249999999999      ,   2.7753258183100421E-003 ,   6.3856301039398419E-002
   2.00000000     ,  -1.7457499999999999      ,   2.8505869140625917E-003 ,   6.5382605599759641E-002
   1.99000001     ,  -1.7504625000000000      ,   2.7422419707651921E-003 ,   6.6951091332459203E-002
   1.98000002     ,  -1.7630718750000001      ,   2.5575042577469687E-003 ,   6.8544230938244563E-002
   1.97000003     ,  -1.7579093750000001      ,   2.8094545240229542E-003 ,   7.0180579008410099E-002
   1.96000004     ,  -1.7707999999999999      ,   2.6903454654507576E-003 ,   7.1823681213878401E-002
   1.95000005     ,  -1.7741937500000000      ,   2.5474382064057674E-003 ,   7.3510786370488371E-002
   1.94000006     ,  -1.7892531250000001      ,   2.1858388133439858E-003 ,   7.5221950665776832E-002
   1.93000007     ,  -1.7862125000000000      ,   2.5603357534182522E-003 ,   7.6985232908167861E-002
   1.92000008     ,  -1.7988000000000000      ,   2.1928165324290962E-003 ,   7.8761517702758188E-002
   1.91000009     ,  -1.8031843750000001      ,   2.2588504429003424E-003 ,   8.0585362956804130E-002
   1.90000010     ,  -1.8142718750000000      ,   2.1063543773011994E-003 ,   8.2440118797612733E-002
   1.89000010     ,  -1.8179843750000000      ,   2.0937132925168936E-003 ,   8.4341377708741089E-002
   1.88000011     ,  -1.8177062500000001      ,   2.2058155618443842E-003 ,   8.6274655110607237E-002
   1.87000012     ,  -1.8273999999999999      ,   2.0218134721824627E-003 ,   8.8231028092546224E-002
   1.86000013     ,  -1.8253750000000000      ,   2.0359039629533060E-003 ,   9.0233850161329773E-002
   1.85000014     ,  -1.8354531249999999      ,   1.9619873233950535E-003 ,   9.2257785048751817E-002
   1.84000015     ,  -1.8422406250000001      ,   2.1445998431855562E-003 ,   9.4331903219640745E-002
   1.83000016     ,  -1.8493031250000000      ,   1.7889420896080653E-003 ,   9.6448589281923180E-002
   1.82000017     ,  -1.8486125000000000      ,   1.8821581154547921E-003 ,   9.8609960595224547E-002
   1.81000018     ,  -1.8551281250000000      ,   1.6834398492786302E-003 ,  0.10079882590811243     
   1.80000019     ,  -1.8641125000000001      ,   1.5904456146368570E-003 ,  0.10303294995260973     
   1.78999996     ,  -1.8639687500000000      ,   1.7282214810870292E-003 ,  0.10532051982106824     
   1.77999997     ,  -1.8666312500000000      ,   1.6514653414078471E-003 ,  0.10764044574987966     
   1.76999998     ,  -1.8722593750000001      ,   1.6453276325126820E-003 ,  0.11000045260068088     
   1.75999999     ,  -1.8763062500000001      ,   1.5030387860959266E-003 ,  0.11240849081669470     
   1.75000000     ,  -1.8806781250000000      ,   1.5840355426035295E-003 ,  0.11486249796334906     
   1.74000001     ,  -1.8849906249999999      ,   1.5525917128357545E-003 ,  0.11736455214621376     
   1.73000002     ,  -1.8859125000000001      ,   1.4835761341072935E-003 ,  0.11991545054060046     
   1.72000003     ,  -1.8854687500000000      ,   1.3924448878947250E-003 ,  0.12250778308188796     
   1.71000004     ,  -1.8942093750000000      ,   1.3442281740270151E-003 ,  0.12513953750573020     
   1.70000005     ,  -1.8963531250000001      ,   1.3342245399757329E-003 ,  0.12783542155766550     
   1.69000006     ,  -1.9030687500000001      ,   1.3087518279702953E-003 ,  0.13058017232855762     
   1.68000007     ,  -1.9053406250000000      ,   1.2762379404503634E-003 ,  0.13338697447241868     
   1.67000008     ,  -1.9069312500000000      ,   1.2365302209301802E-003 ,  0.13624575102228459     
   1.66000009     ,  -1.9117000000000000      ,   1.1667945473961704E-003 ,  0.13915610415077229     
   1.65000010     ,  -1.9165906250000000      ,   1.0778433798164222E-003 ,  0.14212781176831274     
   1.64000010     ,  -1.9170875000000001      ,   1.1571733110598708E-003 ,  0.14516341779758618     
   1.63000011     ,  -1.9197375000000001      ,   1.1365311181228670E-003 ,  0.14825276857257619     
   1.62000012     ,  -1.9240406249999999      ,   1.0614579468370615E-003 ,  0.15140287755338408     
   1.61000013     ,  -1.9282843750000001      ,   1.0327290670728065E-003 ,  0.15462009783169631     
   1.60000014     ,  -1.9257718749999999      ,   1.0525129276256653E-003 ,  0.15790634627368094     
   1.59000015     ,  -1.9276062500000000      ,   1.0316711476668127E-003 ,  0.16124464445341094     
   1.58000016     ,  -1.9342812500000000      ,   9.8731643570856538E-004 ,  0.16464867440480294     
   1.57000017     ,  -1.9354593750000000      ,   9.1574201385647715E-004 ,  0.16813386290458684     
   1.56000018     ,  -1.9387687499999999      ,   8.8272281625641246E-004 ,  0.17168677735336010     
   1.55000019     ,  -1.9403125000000001      ,   8.7595910328662843E-004 ,  0.17531579621087734     
   1.53999996     ,  -1.9431343750000001      ,   8.6486552294080333E-004 ,  0.17901794739890434     
   1.52999997     ,  -1.9456781249999999      ,   8.3137064640316689E-004 ,  0.18279898752322482     
   1.51999998     ,  -1.9497218750000000      ,   7.4163241576769858E-004 ,  0.18666012429159165     
   1.50999999     ,  -1.9482031250000000      ,   8.4796327842008394E-004 ,  0.19060877027677037     
   1.50000000     ,  -1.9489375000000000      ,   8.3925527086260233E-004 ,  0.19463066933274761     
   1.49000001     ,  -1.9529375000000000      ,   7.4068659374983072E-004 ,  0.19873430913562418     
   1.48000002     ,  -1.9556625000000001      ,   7.5658921876221137E-004 ,  0.20293242689849159     
   1.47000003     ,  -1.9564281250000000      ,   7.0810948788513036E-004 ,  0.20722376594279768     
   1.46000004     ,  -1.9574593750000000      ,   6.9573083237626739E-004 ,  0.21160503235296038     
   1.45000005     ,  -1.9604124999999999      ,   6.3717747040714103E-004 ,  0.21607963894432472     
   1.44000006     ,  -1.9622437500000001      ,   6.4131778792385797E-004 ,  0.22065668979576358     
   1.43000007     ,  -1.9643343750000000      ,   5.8524222805530276E-004 ,  0.22533553476040569     
   1.42000008     ,  -1.9641656249999999      ,   6.0501393615553574E-004 ,  0.23012027794560655     
   1.41000009     ,  -1.9675843749999999      ,   5.7080772001119032E-004 ,  0.23500671694385245     
   1.40000010     ,  -1.9677687500000001      ,   5.7209317946276884E-004 ,  0.24000982388366371     
   1.39000010     ,  -1.9699468750000000      ,   5.1316563592533116E-004 ,  0.24512229702810423     
   1.38000011     ,  -1.9703312500000001      ,   5.1629998789527579E-004 ,  0.25035431802368857     
   1.37000012     ,  -1.9713812500000001      ,   5.3389137603520925E-004 ,  0.25570368570722762     
   1.36000013     ,  -1.9732718750000000      ,   5.0961807150950913E-004 ,  0.26117627699094054     
   1.35000014     ,  -1.9747437500000000      ,   4.8295638101356482E-004 ,  0.26677879354227302     
   1.34000015     ,  -1.9760718749999999      ,   4.3234662473445933E-004 ,  0.27251386872174849     
   1.33000016     ,  -1.9757843749999999      ,   4.7957497441884626E-004 ,  0.27838547698775851     
   1.32000017     ,  -1.9783249999999999      ,   4.3039525887238618E-004 ,  0.28439199720164632     
   1.31000018     ,  -1.9781843750000001      ,   4.2116419451932466E-004 ,  0.29054810282655297     
   1.30000019     ,  -1.9804031250000000      ,   4.0113916767380307E-004 ,  0.29684890105684736     
   1.29000020     ,  -1.9812749999999999      ,   3.9128178345847474E-004 ,  0.30330780483174957     
   1.27999997     ,  -1.9818906249999999      ,   3.5704955458681692E-004 ,  0.30992503984665254     
   1.26999998     ,  -1.9827218750000000      ,   3.7614914975787314E-004 ,  0.31670483229103080     
   1.25999999     ,  -1.9840625000000001      ,   3.3893044223073346E-004 ,  0.32365353195838809     
   1.25000000     ,  -1.9855343750000001      ,   3.1192101582769457E-004 ,  0.33077863522228751     
   1.24000001     ,  -1.9857781249999999      ,   3.1554985395181745E-004 ,  0.33808676607619059     
   1.23000002     ,  -1.9864468749999999      ,   2.9786433704093878E-004 ,  0.34557930460542002     
   1.22000003     ,  -1.9872718750000000      ,   2.8800634061817250E-004 ,  0.35326431159021049     
   1.21000004     ,  -1.9885718750000001      ,   2.5613902858080895E-004 ,  0.36114900647956072     
   1.20000005     ,  -1.9885593749999999      ,   2.6741589013568496E-004 ,  0.36924246056481796     
   1.19000006     ,  -1.9886750000000000      ,   2.6568498593652033E-004 ,  0.37754647379007994     
   1.18000007     ,  -1.9896218750000001      ,   2.4123671409291805E-004 ,  0.38606907819083031     
   1.17000008     ,  -1.9906937499999999      ,   2.1959288629529362E-004 ,  0.39482151058482218     
   1.16000009     ,  -1.9913125000000000      ,   2.1345317942511670E-004 ,  0.40381263702456460     
   1.15000010     ,  -1.9922437500000001      ,   1.9383322417938499E-004 ,  0.41304916438624956     
   1.14000010     ,  -1.9926968750000000      ,   1.8608059764735780E-004 ,  0.42254146252620001     
   1.13000011     ,  -1.9920187499999999      ,   1.9889996899533048E-004 ,  0.43229680087832012     
   1.12000012     ,  -1.9927375000000001      ,   1.9103861349999441E-004 ,  0.44231984804347824     
   1.11000013     ,  -1.9936218750000001      ,   1.5906938366544882E-004 ,  0.45262697353478665     
   1.10000014     ,  -1.9937562499999999      ,   1.6817852401182918E-004 ,  0.46322977273315114     
   1.09000015     ,  -1.9944156250000000      ,   1.5166371290730355E-004 ,  0.47413583250844421     
   1.08000016     ,  -1.9951843750000000      ,   1.3078028912263655E-004 ,  0.48535938048285776     
   1.07000017     ,  -1.9950468750000001      ,   1.3965441082682676E-004 ,  0.49691333996440040     
   1.06000018     ,  -1.9955718750000000      ,   1.2973702767630851E-004 ,  0.50880608929371585     
   1.05000019     ,  -1.9960374999999999      ,   1.1136064585028588E-004 ,  0.52105425920701054     
   1.04000020     ,  -1.9961750000000000      ,   1.1296757738859037E-004 ,  0.53367176957833606     
   1.02999997     ,  -1.9961093750000001      ,   1.1382008009282788E-004 ,  0.54667209231001457     
   1.01999998     ,  -1.9969187500000001      ,   9.9006052293685706E-005 ,  0.56006895856056604     
   1.00999999     ,  -1.9966281250000000      ,   1.0655702503204026E-004 ,  0.57388375275179559     
   1.00000000     ,  -1.9968750000000000      ,   1.0087890624976836E-004 ,  0.58812765333939987     
