   5.00000000     , -0.42835507812500001      ,   2.3889726904549829E-005 ,   1.1855631748358180E-005
   4.98999977     , -0.42905722656250000      ,   2.3877017730753388E-005 ,   1.0589744628631051E-004
   4.98000002     , -0.43087480468750000      ,   2.4711655852603720E-005 ,   1.5014584635777241E-004
   4.96999979     , -0.43069707031249999      ,   2.3321325118164872E-005 ,   1.8503776176060353E-004
   4.96000004     , -0.43264472656250003      ,   2.4367206039207589E-005 ,   2.1472343190434088E-004
   4.94999981     , -0.43308417968750001      ,   2.4797642639123943E-005 ,   2.4161659545885391E-004
   4.94000006     , -0.43452617187499998      ,   2.4875470625231604E-005 ,   2.6626704831616492E-004
   4.92999983     , -0.43407597656250002      ,   2.4570690551858670E-005 ,   2.8943966493284599E-004
   4.92000008     , -0.43570234375000000      ,   2.5307142824116896E-005 ,   3.1114674433576625E-004
   4.90999985     , -0.43792773437499999      ,   2.5290202365507608E-005 ,   3.3203325649467421E-004
   4.90000010     , -0.43860957031249997      ,   2.5428316657496243E-005 ,   3.5235503356899898E-004
   4.88999987     , -0.43886308593750001      ,   2.5077173013286224E-005 ,   3.7197102819127979E-004
   4.88000011     , -0.44041093749999999      ,   2.5152342958994489E-005 ,   3.9093170379646161E-004
   4.86999989     , -0.44112011718749999      ,   2.4427258939635337E-005 ,   4.0952011035857386E-004
   4.86000013     , -0.44243515625000002      ,   2.5362882140980067E-005 ,   4.2768550497091900E-004
   4.84999990     , -0.44309375000000001      ,   2.6330339102927833E-005 ,   4.4557788067147358E-004
   4.84000015     , -0.44436035156249998      ,   2.5287070292699528E-005 ,   4.6313444062373360E-004
   4.82999992     , -0.44598300781250000      ,   2.5537846492304423E-005 ,   4.8048333941906206E-004
   4.82000017     , -0.44648046875000003      ,   2.6149827394932688E-005 ,   4.9770847063456292E-004
   4.80999994     , -0.44690312500000001      ,   2.6517729514064588E-005 ,   5.1468659908531888E-004
   4.80000019     , -0.44900742187499998      ,   2.6484444184102493E-005 ,   5.3143518781022443E-004
   4.78999996     , -0.44895214843749998      ,   2.6747390015192901E-005 ,   5.4819088503662075E-004
   4.78000021     , -0.45077480468749997      ,   2.6376182812337889E-005 ,   5.6469755018504289E-004
   4.76999998     , -0.45180117187500002      ,   2.6112655017553279E-005 ,   5.8120565691242702E-004
   4.76000023     , -0.45296718749999998      ,   2.5085377228269215E-005 ,   5.9762657417548946E-004
   4.75000000     , -0.45352910156249998      ,   2.8117146875539192E-005 ,   6.1401270242429130E-004
   4.73999977     , -0.45572441406250003      ,   2.7096900729357538E-005 ,   6.3029375903586604E-004
   4.73000002     , -0.45676894531250001      ,   2.7662349372315882E-005 ,   6.4667037542433616E-004
   4.71999979     , -0.45721015625000000      ,   2.7230610316062691E-005 ,   6.6301426025186343E-004
   4.71000004     , -0.45841894531249999      ,   2.7341704073012323E-005 ,   6.7926632927793953E-004
   4.69999981     , -0.45912460937499999      ,   2.7981444050896305E-005 ,   6.9552959269192805E-004
   4.69000006     , -0.45986152343749997      ,   2.8358156211133657E-005 ,   7.1175489907212208E-004
   4.67999983     , -0.46182343749999999      ,   2.8557883630400625E-005 ,   7.2795387577925829E-004
   4.67000008     , -0.46407343750000002      ,   2.8730410844550578E-005 ,   7.4426980467139190E-004
   4.65999985     , -0.46509179687500002      ,   2.8324450673852111E-005 ,   7.6073647715468157E-004
   4.65000010     , -0.46524199218750001      ,   2.8178347992227126E-005 ,   7.7721935296166153E-004
   4.63999987     , -0.46750566406249999      ,   2.8526221798841372E-005 ,   7.9363428887297121E-004
   4.63000011     , -0.46806542968749998      ,   2.8280390111159265E-005 ,   8.1021800905886219E-004
   4.61999989     , -0.46917636718750000      ,   2.9394385857902901E-005 ,   8.2679285862180627E-004
   4.61000013     , -0.47067832031250001      ,   2.9629601126462549E-005 ,   8.4342456242359951E-004
   4.59999990     , -0.47166171875000001      ,   2.8020056903909843E-005 ,   8.6014825035721817E-004
   4.59000015     , -0.47330859375000001      ,   2.9315168002685273E-005 ,   8.7692260679953654E-004
   4.57999992     , -0.47337988281249999      ,   2.8922784646844659E-005 ,   8.9382106881252994E-004
   4.57000017     , -0.47534062500000002      ,   2.9801138603386592E-005 ,   9.1068122534593439E-004
   4.55999994     , -0.47649511718749998      ,   2.9497999420717879E-005 ,   9.2770872065542657E-004
   4.55000019     , -0.47719472656250000      ,   2.9873957991994581E-005 ,   9.4481966079512137E-004
   4.53999996     , -0.47915351562500003      ,   3.0587321075715972E-005 ,   9.6197388493516266E-004
   4.53000021     , -0.48082265624999998      ,   3.1636070310645306E-005 ,   9.7931095478844357E-004
   4.51999998     , -0.48117578124999999      ,   2.9886803336127374E-005 ,   9.9679106463910366E-004
   4.51000023     , -0.48292207031250001      ,   3.0681350502868299E-005 ,   1.0142820402903841E-003
   4.50000000     , -0.48371601562500000      ,   3.1970622216582579E-005 ,   1.0319439212946287E-003
   4.48999977     , -0.48391328124999999      ,   3.0534994393946006E-005 ,   1.0496675541520884E-003
   4.48000002     , -0.48568867187499998      ,   3.0257532087491873E-005 ,   1.0673925897640745E-003
   4.47000027     , -0.48794785156249998      ,   3.0310204163504455E-005 ,   1.0852951299116492E-003
   4.46000004     , -0.48935937499999999      ,   3.1269866628332744E-005 ,   1.1034338894326688E-003
   4.44999981     , -0.48971074218749999      ,   3.1191630183364171E-005 ,   1.1217181774236331E-003
   4.44000006     , -0.49149160156249999      ,   3.0591130050506238E-005 ,   1.1400335207241792E-003
   4.42999983     , -0.49357363281250000      ,   3.1835610264728158E-005 ,   1.1585433021718348E-003
   4.42000008     , -0.49418593750000001      ,   3.2060893454957094E-005 ,   1.1772808697965730E-003
   4.40999985     , -0.49531308593750001      ,   3.2935724526129083E-005 ,   1.1960927682976435E-003
   4.40000010     , -0.49603203125000001      ,   3.3265301428874117E-005 ,   1.2150359427484619E-003
   4.38999987     , -0.49769394531250000      ,   3.3740917320421424E-005 ,   1.2340698199422061E-003
   4.38000011     , -0.49916191406249999      ,   3.3944691067883520E-005 ,   1.2532971719993436E-003
   4.36999989     , -0.50143964843750000      ,   3.2795571348916617E-005 ,   1.2726950055947633E-003
   4.36000013     , -0.50221894531250000      ,   3.3935692280489166E-005 ,   1.2923581766450573E-003
   4.34999990     , -0.50306367187500001      ,   3.5337511606891445E-005 ,   1.3121343032593085E-003
   4.34000015     , -0.50430644531250002      ,   3.4002288653582208E-005 ,   1.3320224924332933E-003
   4.32999992     , -0.50778964843749996      ,   3.4101959491650172E-005 ,   1.3520706561480154E-003
   4.32000017     , -0.50751777343750004      ,   3.3577073225784967E-005 ,   1.3725237920954884E-003
   4.30999994     , -0.50828125000000002      ,   3.5901209090382595E-005 ,   1.3929844997937772E-003
   4.30000019     , -0.51054804687499999      ,   3.5583245634277920E-005 ,   1.4135661242629597E-003
   4.28999996     , -0.51204257812499998      ,   3.5243104475855953E-005 ,   1.4344302664250838E-003
   4.28000021     , -0.51337890625000004      ,   3.3227265140173826E-005 ,   1.4554877016936412E-003
   4.26999998     , -0.51409960937499999      ,   3.7163144722596073E-005 ,   1.4767446070630683E-003
   4.26000023     , -0.51614589843750003      ,   3.5491551690972185E-005 ,   1.4981254933053923E-003
   4.25000000     , -0.51695800781250001      ,   3.4805424342194957E-005 ,   1.5197727192115807E-003
   4.23999977     , -0.51919707031249995      ,   3.6115978174121586E-005 ,   1.5415626868511328E-003
   4.23000002     , -0.52108085937500004      ,   3.6742461681425696E-005 ,   1.5636578952360569E-003
   4.22000027     , -0.52288476562499997      ,   3.6305040020956003E-005 ,   1.5860170810606743E-003
   4.21000004     , -0.52401035156249998      ,   3.6065092608748315E-005 ,   1.6086332712032781E-003
   4.19999981     , -0.52502539062499998      ,   3.6142234134189454E-005 ,   1.6314330194796460E-003
   4.19000006     , -0.52696953125000001      ,   3.8279859932842176E-005 ,   1.6544155380918194E-003
   4.17999983     , -0.52808535156250003      ,   3.7290125950757958E-005 ,   1.6776835578764173E-003
   4.17000008     , -0.52915156249999995      ,   3.7313180120309218E-005 ,   1.7011406985531119E-003
   4.15999985     , -0.53200468749999996      ,   3.7967167425379195E-005 ,   1.7247911045497480E-003
   4.15000010     , -0.53260312499999996      ,   3.7500586555955299E-005 ,   1.7488395142940471E-003
   4.13999987     , -0.53495351562500004      ,   3.7077928837667761E-005 ,   1.7730276375211630E-003
   4.13000011     , -0.53555722656250004      ,   3.7683062757879194E-005 ,   1.7975651539318530E-003
   4.11999989     , -0.53773105468750004      ,   3.8321759355241909E-005 ,   1.8222542545474731E-003
   4.11000013     , -0.53871386718750003      ,   3.7882094156132653E-005 ,   1.8472774962920030E-003
   4.09999990     , -0.54076445312499999      ,   4.1216150827458799E-005 ,   1.8725111722187949E-003
   4.09000015     , -0.54271503906249996      ,   3.9589897864192958E-005 ,   1.8980733678027795E-003
   4.07999992     , -0.54353808593749997      ,   3.9922731601940774E-005 ,   1.9239535321936220E-003
   4.07000017     , -0.54540078125000002      ,   4.1240170989489757E-005 ,   1.9500278598505033E-003
   4.05999994     , -0.54665253906250000      ,   3.9840341917333820E-005 ,   1.9764164298411231E-003
   4.05000019     , -0.54869199218749998      ,   4.0908385983250545E-005 ,   2.0030527846712190E-003
   4.03999996     , -0.55004335937500004      ,   4.1518622213205856E-005 ,   2.0300403478223815E-003
   4.03000021     , -0.55199882812500001      ,   4.0196545584738296E-005 ,   2.0572895965072285E-003
   4.01999998     , -0.55415195312499999      ,   4.0848709045821818E-005 ,   2.0848835355749963E-003
   4.01000023     , -0.55612070312499995      ,   4.1685609570894369E-005 ,   2.1128551289915096E-003
   4.00000000     , -0.55702441406250003      ,   4.1433319509027317E-005 ,   2.1411817572554999E-003
   3.99000001     , -0.55942890624999997      ,   4.0780765250158074E-005 ,   2.1697305135587493E-003
   3.98000002     , -0.56043222656250002      ,   4.2234499565936621E-005 ,   2.1987010990479222E-003
   3.97000003     , -0.56281738281250004      ,   4.3010589808725179E-005 ,   2.2279220928232966E-003
   3.96000004     , -0.56353242187499997      ,   4.2236447858890063E-005 ,   2.2575663321473633E-003
   3.95000005     , -0.56600585937500003      ,   4.2764138051587888E-005 ,   2.2874260631365420E-003
   3.94000006     , -0.56797207031249997      ,   4.2296904056165666E-005 ,   2.3177310886526642E-003
   3.93000007     , -0.56939687500000002      ,   4.4041058367444349E-005 ,   2.3484268948644987E-003
   3.92000008     , -0.57200195312500002      ,   4.4708641160093530E-005 ,   2.3794475774307276E-003
   3.90999985     , -0.57316699218750000      ,   4.5639293204293440E-005 ,   2.4109523769743906E-003
   3.90000010     , -0.57586250000000005      ,   4.3555763305770511E-005 ,   2.4427443078269069E-003
   3.88999987     , -0.57663105468749998      ,   4.4080785129049365E-005 ,   2.4750368350582178E-003
   3.88000011     , -0.57837265625000001      ,   4.5226603969192079E-005 ,   2.5075818239654419E-003
   3.86999989     , -0.57961230468750002      ,   4.5697122808736758E-005 ,   2.5405143326900376E-003
   3.86000013     , -0.58230410156250001      ,   4.4667267482730760E-005 ,   2.5737649229383404E-003
   3.84999990     , -0.58422890625000001      ,   4.6028227956547858E-005 ,   2.6075431145685646E-003
   3.84000015     , -0.58758652343749995      ,   4.7216425508598445E-005 ,   2.6417528350437523E-003
   3.82999992     , -0.58901855468749997      ,   4.7394532435943229E-005 ,   2.6765974021041835E-003
   3.82000017     , -0.59053515624999997      ,   4.7899030401771883E-005 ,   2.7118100490971194E-003
   3.80999994     , -0.59281152343749999      ,   4.8603311923974743E-005 ,   2.7474108840671754E-003
   3.80000019     , -0.59396992187499997      ,   4.7256964312390664E-005 ,   2.7835029244274866E-003
   3.78999996     , -0.59474941406250004      ,   4.9296970795535116E-005 ,   2.8199428126563534E-003
   3.77999997     , -0.59845898437500000      ,   4.8612128421853096E-005 ,   2.8566771521017251E-003
   3.76999998     , -0.60039648437500004      ,   5.0575810872583986E-005 ,   2.8941414967492522E-003
   3.75999999     , -0.60202500000000003      ,   4.9967153582925516E-005 ,   2.9320789745684635E-003
   3.75000000     , -0.60387207031250001      ,   4.9109989990749480E-005 ,   2.9704458252160786E-003
   3.74000001     , -0.60619785156249995      ,   5.1749775965356852E-005 ,   3.0092911388213688E-003
   3.73000002     , -0.60859062500000005      ,   4.9770272491425758E-005 ,   3.0486842821147494E-003
   3.72000003     , -0.61046074218750002      ,   5.0232234928691006E-005 ,   3.0886433707763864E-003
   3.71000004     , -0.61121289062499995      ,   5.0683390231653824E-005 ,   3.1290965375570337E-003
   3.70000005     , -0.61386093750000004      ,   5.1142215797214509E-005 ,   3.1698813467626453E-003
   3.69000006     , -0.61760351562500004      ,   5.3479310945917703E-005 ,   3.2113033995287044E-003
   3.68000007     , -0.61817460937500002      ,   5.1614655026811597E-005 ,   3.2535299346975752E-003
   3.67000008     , -0.62171523437499998      ,   5.1141238844360811E-005 ,   3.2960675135245872E-003
   3.66000009     , -0.62304785156249998      ,   5.4297533333407025E-005 ,   3.3394099291723708E-003
   3.65000010     , -0.62497968749999999      ,   5.3841130894466817E-005 ,   3.3832060011353606E-003
   3.63999987     , -0.62687988281249996      ,   5.3523767072157355E-005 ,   3.4275521053521983E-003
   3.63000011     , -0.62853320312500005      ,   5.5675178078903570E-005 ,   3.4724583943510278E-003
   3.61999989     , -0.63256093749999998      ,   5.4393381599482461E-005 ,   3.5178869133240813E-003
   3.61000013     , -0.63478906250000000      ,   5.6409355427122712E-005 ,   3.5642439130397991E-003
   3.59999990     , -0.63663046874999996      ,   5.5458625748925654E-005 ,   3.6112361156594290E-003
   3.59000015     , -0.63827480468749997      ,   5.5094955143474002E-005 ,   3.6588007777615932E-003
   3.57999992     , -0.64085625000000002      ,   5.4981034657987703E-005 ,   3.7069166640534513E-003
   3.57000017     , -0.64286777343750001      ,   5.6799398682502826E-005 ,   3.7557566103820408E-003
   3.55999994     , -0.64580234375000001      ,   5.7069193232936669E-005 ,   3.8052321832912233E-003
   3.55000019     , -0.64837949218750002      ,   5.7970667302662843E-005 ,   3.8555127647658450E-003
   3.53999996     , -0.65011992187500001      ,   6.1183487556971860E-005 ,   3.9065551735747179E-003
   3.53000021     , -0.65211093750000004      ,   6.0399975350671223E-005 ,   3.9582094875226098E-003
   3.51999998     , -0.65604101562499995      ,   5.8754736348154008E-005 ,   4.0105209957894223E-003
   3.50999999     , -0.65689941406249996      ,   6.0251379076799494E-005 ,   4.0638591497784045E-003
   3.50000000     , -0.65974023437499996      ,   6.0419151067296468E-005 ,   4.1176758401306407E-003
   3.49000001     , -0.66158730468750004      ,   6.1619750748511691E-005 ,   4.1723447117717766E-003
   3.48000002     , -0.66523496093750001      ,   6.0040369607244890E-005 ,   4.2276861182898775E-003
   3.47000003     , -0.66720664062500001      ,   6.0209080623346282E-005 ,   4.2840498644131034E-003
   3.46000004     , -0.66995781249999997      ,   6.0759360662393036E-005 ,   4.3411352995505349E-003
   3.45000005     , -0.67258671874999998      ,   6.3948492300119078E-005 ,   4.3991111175527295E-003
   3.44000006     , -0.67391855468749995      ,   6.3891342346587631E-005 ,   4.4579605781528359E-003
   3.43000007     , -0.67802714843750000      ,   6.3564702679056397E-005 ,   4.5174343846112507E-003
   3.42000008     , -0.68112812499999997      ,   6.4326596631254283E-005 ,   4.5780953229899394E-003
   3.41000009     , -0.68450683593749995      ,   6.4719573809345689E-005 ,   4.6397611943233006E-003
   3.40000010     , -0.68608046874999995      ,   6.5938673304290852E-005 ,   4.7025036643650545E-003
   3.38999987     , -0.68880976562499996      ,   6.6415689986995823E-005 ,   4.7659677022968954E-003
   3.38000011     , -0.69189121093749995      ,   6.9291821246904992E-005 ,   4.8304071888546213E-003
   3.36999989     , -0.69453144531250000      ,   6.7865910044296853E-005 ,   4.8959031945704657E-003
   3.36000013     , -0.69692539062500003      ,   6.7843418433124041E-005 ,   4.9623716316067939E-003
   3.34999990     , -0.69990546875000004      ,   6.8937911300914715E-005 ,   5.0297819229295241E-003
   3.34000015     , -0.70211093749999998      ,   6.9809212786189109E-005 ,   5.0982730082734006E-003
   3.32999992     , -0.70569335937500000      ,   7.3202865398570643E-005 ,   5.1677044102201386E-003
   3.32000017     , -0.70738632812500002      ,   7.0202531812831175E-005 ,   5.2383697318713713E-003
   3.30999994     , -0.71126093749999997      ,   7.2277891558519827E-005 ,   5.3098780891774082E-003
   3.30000019     , -0.71336464843750003      ,   6.9416955782348070E-005 ,   5.3827198425879961E-003
   3.28999996     , -0.71726503906250005      ,   7.2481294261787286E-005 ,   5.4565279630980805E-003
   3.28000021     , -0.71886640624999998      ,   7.2980629325506498E-005 ,   5.5317270889450416E-003
   3.26999998     , -0.72165585937499999      ,   7.5450992899886852E-005 ,   5.6078097841243853E-003
   3.25999999     , -0.72556835937499997      ,   7.7293575239889285E-005 ,   5.6850683285400794E-003
   3.25000000     , -0.72867226562499998      ,   7.8934090702467117E-005 ,   5.7637820087332306E-003
   3.24000001     , -0.73120839843749996      ,   7.9393762327944657E-005 ,   5.8437767778803723E-003
   3.23000002     , -0.73601777343749997      ,   7.7828685829778711E-005 ,   5.9249267534108047E-003
   3.22000003     , -0.73837910156249997      ,   7.8817639236494264E-005 ,   6.0078102295982984E-003
   3.21000004     , -0.74150839843750005      ,   7.6637149322543254E-005 ,   6.0918423116405867E-003
   3.20000005     , -0.74530976562499995      ,   7.9022526010882194E-005 ,   6.1772423442686573E-003
   3.19000006     , -0.74954316406249999      ,   7.9411442696062753E-005 ,   6.2642046049435343E-003
   3.18000007     , -0.75137890625000003      ,   8.3651526612668907E-005 ,   6.3528742452207540E-003
   3.17000008     , -0.75544179687500002      ,   8.1606626769297871E-005 ,   6.4426379231575792E-003
   3.16000009     , -0.75797812499999995      ,   8.0964714102852161E-005 ,   6.5340929425781640E-003
   3.15000010     , -0.76150742187499998      ,   8.5799859524512284E-005 ,   6.6268785519653746E-003
   3.13999987     , -0.76629257812499996      ,   9.1767996779353397E-005 ,   6.7213023424366157E-003
   3.13000011     , -0.76863300781249999      ,   8.1550123102482503E-005 ,   6.8176718722827417E-003
   3.11999989     , -0.77227207031250000      ,   8.0763321879762548E-005 ,   6.9153531285305733E-003
   3.11000013     , -0.77638613281250002      ,   8.8908521128221925E-005 ,   7.0147731624048987E-003
   3.09999990     , -0.77886074218750001      ,   8.5614199063726776E-005 ,   7.1160735162443386E-003
   3.09000015     , -0.78257851562500003      ,   8.7718744779797543E-005 ,   7.2188080707944451E-003
   3.07999992     , -0.78715703125000003      ,   8.6918549957980682E-005 ,   7.3233643497653839E-003
   3.07000017     , -0.78986738281250002      ,   8.7359158103535880E-005 ,   7.4300212558464345E-003
   3.05999994     , -0.79281035156250002      ,   9.1378324637247130E-005 ,   7.5382729540341385E-003
   3.05000019     , -0.79690703124999995      ,   9.1635110092295211E-005 ,   7.6482046029796276E-003
   3.03999996     , -0.80005488281250003      ,   9.3516152554898961E-005 ,   7.7601989598686423E-003
   3.03000021     , -0.80535761718749999      ,   9.2674011473354440E-005 ,   7.8739848124433007E-003
   3.01999998     , -0.80876250000000005      ,   9.3194163656439247E-005 ,   7.9902697303726403E-003
   3.00999999     , -0.81468574218750001      ,   9.7349232094806271E-005 ,   8.1085104842194104E-003
   3.00000000     , -0.81621367187500005      ,   9.6389810767068975E-005 ,   8.2295379779414052E-003
   2.99000001     , -0.81936621093749995      ,   9.4896579292255692E-005 ,   8.3519510153019783E-003
   2.98000002     , -0.82488906250000005      ,   1.0179464708803815E-004 ,   8.4763398839515312E-003
   2.97000003     , -0.82831738281250000      ,   9.8441201839575843E-005 ,   8.6035043704038652E-003
   2.96000004     , -0.83286249999999995      ,   1.0246964620653450E-004 ,   8.7327957194374313E-003
   2.95000005     , -0.83797050781250004      ,   1.0074136114783622E-004 ,   8.8646224072468117E-003
   2.94000006     , -0.84091777343749996      ,   1.0398441949520608E-004 ,   8.9992333890886178E-003
   2.93000007     , -0.84494550781250000      ,   1.0565704295282685E-004 ,   9.1359158345706883E-003
   2.92000008     , -0.85146953125000002      ,   1.0318823908177624E-004 ,   9.2750743048768212E-003
   2.91000009     , -0.85633828125000000      ,   1.1116196416392929E-004 ,   9.4176895501479375E-003
   2.90000010     , -0.85870957031249995      ,   1.1667990702047130E-004 ,   9.5632259265145160E-003
   2.89000010     , -0.86729628906250000      ,   1.1546046477464624E-004 ,   9.7107741420199307E-003
   2.88000011     , -0.86924023437499998      ,   1.0719954181281438E-004 ,   9.8626854014468961E-003
   2.87000012     , -0.87527734374999999      ,   1.1547562612614837E-004 ,   1.0016528078309484E-002
   2.86000013     , -0.87641191406249996      ,   1.1875426686127344E-004 ,   1.0173948190423113E-002
   2.85000014     , -0.88278632812500002      ,   1.1429339559307015E-004 ,   1.0333026927162776E-002
   2.84000015     , -0.88695039062500003      ,   1.1919845516729899E-004 ,   1.0495910370367437E-002
   2.83000016     , -0.89459824218749995      ,   1.2220603222352097E-004 ,   1.0661785726875626E-002
   2.81999993     , -0.89848046874999998      ,   1.2314708368022420E-004 ,   1.0832139242852723E-002
   2.80999994     , -0.90231035156249995      ,   1.2691875716859777E-004 ,   1.1005473752976128E-002
   2.79999995     , -0.90639589843750001      ,   1.2819765411946742E-004 ,   1.1181813310914430E-002
   2.78999996     , -0.91244843750000004      ,   1.2835063457521231E-004 ,   1.1361315765575216E-002
   2.77999997     , -0.91971679687499996      ,   1.3076719553838884E-004 ,   1.1544908979452193E-002
   2.76999998     , -0.92527597656250005      ,   1.3660628498882285E-004 ,   1.1733232888100588E-002
   2.75999999     , -0.92719394531249999      ,   1.2851020812774968E-004 ,   1.1925556691654338E-002
   2.75000000     , -0.93531289062500000      ,   1.3366919485873453E-004 ,   1.2120300168994297E-002
   2.74000001     , -0.94136621093749995      ,   1.3344576521718123E-004 ,   1.2320403847372945E-002
   2.73000002     , -0.94723437499999996      ,   1.4722701046974979E-004 ,   1.2525049248287642E-002
   2.72000003     , -0.95181816406249997      ,   1.4037839262569222E-004 ,   1.2734173780956530E-002
   2.71000004     , -0.95894433593749995      ,   1.4882576165637352E-004 ,   1.2947251826967286E-002
   2.70000005     , -0.96237929687500001      ,   1.4891874091249588E-004 ,   1.3165625942137162E-002
   2.69000006     , -0.96840937500000002      ,   1.4901936243951337E-004 ,   1.3387502879923154E-002
   2.68000007     , -0.97663671875000002      ,   1.5137930551773894E-004 ,   1.3614293765637327E-002
   2.67000008     , -0.98117910156249999      ,   1.5290476062793383E-004 ,   1.3847252461292276E-002
   2.66000009     , -0.98708808593749997      ,   1.5742232611677564E-004 ,   1.4084544227179382E-002
   2.65000010     , -0.99417734375000000      ,   1.5359506669869807E-004 ,   1.4326964437600519E-002
   2.64000010     ,  -1.0027130859375000      ,   1.5888422609097109E-004 ,   1.4575291127212609E-002
   2.63000011     ,  -1.0115542968750000      ,   1.7021048518227460E-004 ,   1.4830507806069105E-002
   2.62000012     ,  -1.0170339843750000      ,   1.6563901434435874E-004 ,   1.5092896782184544E-002
   2.61000013     ,  -1.0227251953125001      ,   1.8635034912659651E-004 ,   1.5360697487370831E-002
   2.60000014     ,  -1.0282257812500000      ,   1.6868203913138105E-004 ,   1.5634033854120401E-002
   2.59000015     ,  -1.0400656250000000      ,   1.5390656129641691E-004 ,   1.5912839736202108E-002
   2.58000016     ,  -1.0410519531250000      ,   1.6665179656000239E-004 ,   1.6201268283646184E-002
   2.57000017     ,  -1.0501697265625001      ,   1.8173143299279301E-004 ,   1.6492748706625589E-002
   2.55999994     ,  -1.0570888671875001      ,   1.9988754051152626E-004 ,   1.6792543882137679E-002
   2.54999995     ,  -1.0647595703124999      ,   1.7257224341212489E-004 ,   1.7099221599539843E-002
   2.53999996     ,  -1.0756128906250000      ,   1.8397522156520223E-004 ,   1.7413489237027485E-002
   2.52999997     ,  -1.0792927734375000      ,   1.8768809137870257E-004 ,   1.7737725965172823E-002
   2.51999998     ,  -1.0894703125000000      ,   1.9446321695769532E-004 ,   1.8067195314445957E-002
   2.50999999     ,  -1.0994751953124999      ,   1.9715861699928650E-004 ,   1.8406544014046507E-002
   2.50000000     ,  -1.1059353515624999      ,   2.2637878603668169E-004 ,   1.8755991355680710E-002
   2.49000001     ,  -1.1143732421874999      ,   1.9848542479335428E-004 ,   1.9112967276516353E-002
   2.48000002     ,  -1.1205205078125000      ,   2.2730756430678516E-004 ,   1.9479230726010419E-002
   2.47000003     ,  -1.1317865234375000      ,   2.2532894068961481E-004 ,   1.9853218181526185E-002
   2.46000004     ,  -1.1425820312499999      ,   2.4927793423690822E-004 ,   2.0239113264194145E-002
   2.45000005     ,  -1.1512380859375000      ,   2.3868421811519877E-004 ,   2.0636739850578296E-002
   2.44000006     ,  -1.1606099609375000      ,   2.3372092298513063E-004 ,   2.1044593091153217E-002
   2.43000007     ,  -1.1712841796875000      ,   2.3331751719473943E-004 ,   2.1463522492529072E-002
   2.42000008     ,  -1.1841802734375000      ,   2.6709702318177203E-004 ,   2.1895054926287044E-002
   2.41000009     ,  -1.1905476562499999      ,   2.8358120600511670E-004 ,   2.2341434672010468E-002
   2.40000010     ,  -1.2036181640625001      ,   2.7409724259503277E-004 ,   2.2797045273394507E-002
   2.39000010     ,  -1.2158392578124999      ,   3.0100236393498770E-004 ,   2.3268286906009124E-002
   2.38000011     ,  -1.2287757812500000      ,   2.9017478664242782E-004 ,   2.3754692961676024E-002
   2.37000012     ,  -1.2420330078124999      ,   3.1352337456296654E-004 ,   2.4257417766382877E-002
   2.36000013     ,  -1.2536144531250000      ,   3.3175738242097479E-004 ,   2.4777263187034812E-002
   2.35000014     ,  -1.2684361328125000      ,   3.3985109413166943E-004 ,   2.5312913183854674E-002
   2.34000015     ,  -1.2834253906249999      ,   3.7096529096806866E-004 ,   2.5868226875469243E-002
   2.33000016     ,  -1.3004466796875001      ,   4.0894586253715977E-004 ,   2.6444037186239923E-002
   2.32000017     ,  -1.3173888671875000      ,   4.3188137709355192E-004 ,   2.7043131879814136E-002
   2.30999994     ,  -1.3343896484375000      ,   4.8435752836960033E-004 ,   2.7666238047803167E-002
   2.29999995     ,  -1.3549111328125001      ,   5.3994971667908724E-004 ,   2.8314241276350047E-002
   2.28999996     ,  -1.3780226562500000      ,   5.4442321363199083E-004 ,   2.8991993301642635E-002
   2.27999997     ,  -1.4008365234375000      ,   5.5217862766350045E-004 ,   2.9703773314204804E-002
   2.26999998     ,  -1.4219761718749999      ,   5.2854787518656686E-004 ,   3.0450290363453942E-002
   2.25999999     ,  -1.4427675781250000      ,   5.1190844905108987E-004 ,   3.1230363640359613E-002
   2.25000000     ,  -1.4637361328125000      ,   4.6391560282921072E-004 ,   3.2044425695307611E-002
   2.24000001     ,  -1.4831007812500001      ,   4.4365659020273489E-004 ,   3.2893850833806748E-002
   2.23000002     ,  -1.4995304687500000      ,   4.1588021364096167E-004 ,   3.3777236705308987E-002
   2.22000003     ,  -1.5164218750000000      ,   3.8687313847229313E-004 ,   3.4690801403844146E-002
   2.21000004     ,  -1.5314562500000000      ,   3.6023035677245767E-004 ,   3.5636044709410265E-002
   2.20000005     ,  -1.5453912109375001      ,   3.3753961150926757E-004 ,   3.6610675679030681E-002
   2.19000006     ,  -1.5607158203125000      ,   3.2117270579516449E-004 ,   3.7613565117422088E-002
   2.18000007     ,  -1.5740179687500000      ,   3.0821751412638947E-004 ,   3.8647830866005553E-002
   2.17000008     ,  -1.5865478515625000      ,   3.0022146753220055E-004 ,   3.9710653405243365E-002
   2.16000009     ,  -1.5973488281249999      ,   2.8034044029285579E-004 ,   4.0801276540104903E-002
   2.15000010     ,  -1.6098333984375000      ,   2.8068087690666149E-004 ,   4.1917264371601058E-002
   2.14000010     ,  -1.6208751953125000      ,   2.6653508717546350E-004 ,   4.3062316606023734E-002
   2.13000011     ,  -1.6317406249999999      ,   2.5145142919323556E-004 ,   4.4234379788073618E-002
   2.12000012     ,  -1.6415105468750000      ,   2.5230073504863866E-004 ,   4.5433843209680649E-002
   2.11000013     ,  -1.6518777343750000      ,   2.4838924451277777E-004 ,   4.6659299010733957E-002
   2.10000014     ,  -1.6615587890625001      ,   2.3515701811022133E-004 ,   4.7912488567215188E-002
   2.09000015     ,  -1.6691771484375000      ,   2.3431453046023678E-004 ,   4.9192782445964832E-002
   2.08000016     ,  -1.6813593750000000      ,   2.2894241835272406E-004 ,   5.0496812580315437E-002
   2.07000017     ,  -1.6874529296875000      ,   2.1407399144952291E-004 ,   5.1834251927881277E-002
   2.06000018     ,  -1.6979923828125001      ,   2.1085394794462722E-004 ,   5.3193652887725297E-002
   2.04999995     ,  -1.7056792968750001      ,   1.9322815752415248E-004 ,   5.4584645239628388E-002
   2.03999996     ,  -1.7148070312499999      ,   1.9509692706367883E-004 ,   5.6002198490864477E-002
   2.02999997     ,  -1.7235320312500000      ,   1.9759763390695721E-004 ,   5.7450061606210821E-002
   2.01999998     ,  -1.7293724609375001      ,   1.8233026126456022E-004 ,   5.8928067269653946E-002
   2.00999999     ,  -1.7388042968749999      ,   1.7778681158033265E-004 ,   6.0430926788861042E-002
   2.00000000     ,  -1.7438855468750001      ,   1.7041286815633327E-004 ,   6.1966986728721578E-002
   1.99000001     ,  -1.7523792968750000      ,   1.7509673396305076E-004 ,   6.3527826557142383E-002
   1.98000002     ,  -1.7607949218750001      ,   1.6271921523681375E-004 ,   6.5121447514812650E-002
   1.97000003     ,  -1.7681490234374999      ,   1.6637697778708124E-004 ,   6.6748570013388089E-002
   1.96000004     ,  -1.7741634765625001      ,   1.4863783772109103E-004 ,   6.8407658470099664E-002
   1.95000005     ,  -1.7800787109375000      ,   1.6203689084703514E-004 ,   7.0096666002391034E-002
   1.94000006     ,  -1.7863738281249999      ,   1.4971668831514689E-004 ,   7.1816183004666051E-002
   1.93000007     ,  -1.7910550781250001      ,   1.3669701373813145E-004 ,   7.3567827049951365E-002
   1.92000008     ,  -1.7979439453124999      ,   1.4671259999350669E-004 ,   7.5348932130668414E-002
   1.91000009     ,  -1.8043044921875000      ,   1.3631079674733770E-004 ,   7.7165293407514546E-002
   1.90000010     ,  -1.8082582031250001      ,   1.3607602512431203E-004 ,   7.9016657486869382E-002
   1.89000010     ,  -1.8149757812500000      ,   1.3655760084740602E-004 ,   8.0898430647796407E-002
   1.88000011     ,  -1.8188761718749999      ,   1.3383429137916959E-004 ,   8.2817894442332951E-002
   1.87000012     ,  -1.8258816406250000      ,   1.2343370818142249E-004 ,   8.4769402779072259E-002
   1.86000013     ,  -1.8314988281250000      ,   1.2511909071718952E-004 ,   8.6761196094132811E-002
   1.85000014     ,  -1.8363773437499999      ,   1.2365769128343980E-004 ,   8.8791061277123454E-002
   1.84000015     ,  -1.8416699218749999      ,   1.1725061906860197E-004 ,   9.0858205137738138E-002
   1.83000016     ,  -1.8461734375000001      ,   1.1495316851630376E-004 ,   9.2964688380452340E-002
   1.82000017     ,  -1.8507562500000001      ,   1.1619334737270272E-004 ,   9.5109656294285125E-002
   1.81000018     ,  -1.8544843750000000      ,   1.1334273007680420E-004 ,   9.7294361207376348E-002
   1.80000019     ,  -1.8590458984375000      ,   1.0339071462786094E-004 ,   9.9517773960676709E-002
   1.78999996     ,  -1.8632376953125001      ,   1.0749439397523644E-004 ,  0.10178308613096936     
   1.77999997     ,  -1.8669826171874999      ,   1.0450678968879933E-004 ,  0.10409045175523840     
   1.76999998     ,  -1.8719337890625001      ,   9.9271575914250783E-005 ,  0.10643996327638416     
   1.75999999     ,  -1.8763431640624999      ,   9.6174574224972006E-005 ,  0.10883579642743425     
   1.75000000     ,  -1.8797634765625000      ,   9.3884678587514411E-005 ,  0.11127785485237128     
   1.74000001     ,  -1.8841951171875000      ,   9.4494300496125602E-005 ,  0.11376484454862591     
   1.73000002     ,  -1.8877576171874999      ,   8.9865235300733333E-005 ,  0.11630065230611314     
   1.72000003     ,  -1.8912269531250001      ,   8.9878529172728906E-005 ,  0.11888431181106951     
   1.71000004     ,  -1.8944339843750000      ,   8.7331286416488421E-005 ,  0.12151694096200504     
   1.70000005     ,  -1.8980855468750000      ,   8.0948565169424279E-005 ,  0.12419919873406035     
   1.69000006     ,  -1.9018582031250000      ,   7.9101030471965053E-005 ,  0.12693363609778940     
   1.68000007     ,  -1.9041171875000000      ,   7.9432767923221683E-005 ,  0.12972206303591863     
   1.67000008     ,  -1.9082072265625001      ,   7.7674538063686626E-005 ,  0.13256186164817244     
   1.66000009     ,  -1.9112792968750001      ,   7.4164229100435119E-005 ,  0.13545945943987706     
   1.65000010     ,  -1.9143865234374999      ,   7.7510755456769009E-005 ,  0.13841370202709058     
   1.64000010     ,  -1.9179208984375000      ,   7.0155685523732705E-005 ,  0.14142623645084604     
   1.63000011     ,  -1.9202472656250000      ,   6.9530807340522160E-005 ,  0.14449989869022159     
   1.62000012     ,  -1.9230591796875001      ,   6.4669234282070767E-005 ,  0.14763299303930694     
   1.61000013     ,  -1.9257537109375000      ,   6.7868738793086734E-005 ,  0.15082865759097400     
   1.60000014     ,  -1.9278373046874999      ,   6.4744749784709772E-005 ,  0.15408828548473444     
   1.59000015     ,  -1.9309486328125001      ,   5.9713664693337429E-005 ,  0.15741192850317412     
   1.58000016     ,  -1.9333832031250000      ,   5.6941998270957281E-005 ,  0.16080440752542932     
   1.57000017     ,  -1.9358263671875000      ,   5.9112358003862916E-005 ,  0.16426574779961525     
   1.56000018     ,  -1.9386623046875000      ,   5.4288575804191870E-005 ,  0.16779787430591614     
   1.55000019     ,  -1.9403742187499999      ,   5.5855084841813459E-005 ,  0.17140409435331988     
   1.53999996     ,  -1.9428093749999999      ,   5.3946858507866009E-005 ,  0.17508315717519204     
   1.52999997     ,  -1.9449884765625001      ,   5.1891273445274584E-005 ,  0.17883932988880999     
   1.51999998     ,  -1.9471617187500001      ,   5.1763528470104522E-005 ,  0.18267405726436958     
   1.50999999     ,  -1.9487650390625000      ,   4.9956598988912785E-005 ,  0.18658967214092986     
   1.50000000     ,  -1.9515189453124999      ,   4.6460257215398834E-005 ,  0.19058680496241492     
   1.49000001     ,  -1.9535185546875000      ,   4.6776813403699899E-005 ,  0.19467136113973010     
   1.48000002     ,  -1.9546351562499999      ,   4.3444188697236303E-005 ,  0.19884365933835502     
   1.47000003     ,  -1.9566677734375000      ,   4.3192308973754428E-005 ,  0.20310344538696770     
   1.46000004     ,  -1.9587701171875000      ,   4.0084773073644818E-005 ,  0.20745630521253638     
   1.45000005     ,  -1.9606628906250001      ,   4.0122684961187927E-005 ,  0.21190521553931346     
   1.44000006     ,  -1.9617636718750000      ,   4.2466044812166506E-005 ,  0.21645246407816365     
   1.43000007     ,  -1.9637650390625001      ,   3.8315259326300188E-005 ,  0.22109837125801288     
   1.42000008     ,  -1.9654386718750001      ,   3.7373998095318216E-005 ,  0.22584895932557228     
   1.41000009     ,  -1.9667982421875001      ,   3.6117969199887325E-005 ,  0.23070634128905279     
   1.40000010     ,  -1.9678048828125001      ,   3.5801495270751492E-005 ,  0.23567272343816506     
   1.39000010     ,  -1.9695654296875000      ,   3.5030301601411199E-005 ,  0.24075031172981409     
   1.38000011     ,  -1.9705033203125000      ,   3.3140798189539689E-005 ,  0.24594511752191023     
   1.37000012     ,  -1.9721667968750001      ,   3.1343151355466830E-005 ,  0.25125798558085194     
   1.36000013     ,  -1.9734031249999999      ,   3.1197292786670464E-005 ,  0.25669517948773929     
   1.35000014     ,  -1.9749031250000000      ,   3.0012250497541160E-005 ,  0.26225909494349381     
   1.34000015     ,  -1.9760111328125001      ,   2.9384287069423471E-005 ,  0.26795476074929347     
   1.33000016     ,  -1.9773169921875000      ,   2.6530617631249992E-005 ,  0.27378496162822930     
   1.32000017     ,  -1.9780746093749999      ,   2.6973724458771867E-005 ,  0.27975467538704335     
   1.31000018     ,  -1.9792121093749999      ,   2.5549051327543116E-005 ,  0.28586650755923271     
   1.30000019     ,  -1.9802273437500000      ,   2.4234207583730206E-005 ,  0.29212652527552063     
   1.29000020     ,  -1.9812875000000001      ,   2.4594764972261465E-005 ,  0.29853906907099109     
   1.27999997     ,  -1.9823087890625000      ,   2.2510293848105462E-005 ,  0.30510944872939993     
   1.26999998     ,  -1.9831503906250001      ,   2.2669340102028526E-005 ,  0.31184259018096067     
   1.25999999     ,  -1.9842003906250001      ,   2.0874410207754588E-005 ,  0.31874341133398892     
   1.25000000     ,  -1.9849205078125001      ,   2.0181743396107221E-005 ,  0.32581828461178503     
   1.24000001     ,  -1.9856058593749999      ,   2.0203675148989774E-005 ,  0.33307183350710479     
   1.23000002     ,  -1.9863027343749999      ,   1.8805786017681983E-005 ,  0.34051003698757298     
   1.22000003     ,  -1.9873822265625001      ,   1.7473880315154154E-005 ,  0.34813932520369101     
   1.21000004     ,  -1.9880480468749999      ,   1.7468355975228383E-005 ,  0.35596787354002762     
   1.20000005     ,  -1.9886654296874999      ,   1.6744292759987769E-005 ,  0.36400098167034572     
   1.19000006     ,  -1.9892916015625000      ,   1.6055750884664913E-005 ,  0.37224553392614157     
   1.18000007     ,  -1.9899193359375000      ,   1.5111756406077081E-005 ,  0.38070918549484545     
   1.17000008     ,  -1.9904775390625000      ,   1.4633592948581587E-005 ,  0.38939969824462245     
   1.16000009     ,  -1.9912443359375001      ,   1.3600225315162104E-005 ,  0.39832494349827230     
   1.15000010     ,  -1.9915972656250001      ,   1.2836922820269145E-005 ,  0.40749440815348276     
   1.14000010     ,  -1.9919535156249999      ,   1.2564922766401495E-005 ,  0.41691517410409806     
   1.13000011     ,  -1.9927439453125000      ,   1.1754433123575193E-005 ,  0.42659643566952787     
   1.12000012     ,  -1.9931367187500000      ,   1.0947800887801341E-005 ,  0.43654994820290927     
   1.11000013     ,  -1.9935775390624999      ,   1.0849741198417430E-005 ,  0.44678408214143989     
   1.10000014     ,  -1.9940027343750000      ,   9.4636492788428390E-006 ,  0.45730967829175728     
   1.09000015     ,  -1.9943808593750001      ,   9.4770878402049204E-006 ,  0.46813765870159429     
   1.08000016     ,  -1.9948003906250000      ,   8.7642221878415467E-006 ,  0.47927952746346930     
   1.07000017     ,  -1.9951816406250000      ,   8.1745283833755884E-006 ,  0.49074766554793081     
   1.06000018     ,  -1.9954308593750001      ,   8.1485237485690598E-006 ,  0.50255459588560614     
   1.05000019     ,  -1.9959046874999999      ,   7.3814097710294879E-006 ,  0.51471302141500752     
   1.04000020     ,  -1.9961166015625000      ,   7.2577023488475315E-006 ,  0.52723812737005771     
   1.02999997     ,  -1.9963044921874999      ,   7.0925819416163843E-006 ,  0.54014358558363007     
   1.01999998     ,  -1.9966611328124999      ,   6.6517398391437521E-006 ,  0.55344403005884402     
   1.00999999     ,  -1.9969318359374999      ,   5.8853633747202888E-006 ,  0.56715699753516324     
   1.00000000     ,  -1.9970134765625001      ,   6.0722472761121082E-006 ,  0.58129893555224565     
