   5.00000000     , -0.42810473632812501      ,   5.7513606113034217E-006 ,   5.8049228178449909E-006
   4.98999977     , -0.42912211914062498      ,   5.9302071645684689E-006 ,   1.0450392530794183E-004
   4.98000002     , -0.43021298828124999      ,   5.8532696723826400E-006 ,   1.4862074791702475E-004
   4.96999979     , -0.43105493164062503      ,   6.2400796540592261E-006 ,   1.8316823498318706E-004
   4.96000004     , -0.43183686523437498      ,   6.0263416609516611E-006 ,   2.1280536285837835E-004
   4.94999981     , -0.43360800781249997      ,   6.1693041135017632E-006 ,   2.3936218982293554E-004
   4.94000006     , -0.43389194335937498      ,   6.1024900368413039E-006 ,   2.6398493979967367E-004
   4.92999983     , -0.43496391601562501      ,   6.1566912891732461E-006 ,   2.8690097864153362E-004
   4.92000008     , -0.43638486328124998      ,   6.1435011573014806E-006 ,   3.0864036261635562E-004
   4.90999985     , -0.43753564453124999      ,   5.9490386924049710E-006 ,   3.2950529217171533E-004
   4.90000010     , -0.43792441406249999      ,   6.1492075975926036E-006 ,   3.4962199644595764E-004
   4.88999987     , -0.43954799804687500      ,   6.4732499213990553E-006 ,   3.6900500531544496E-004
   4.88000011     , -0.44034301757812500      ,   6.3102964417287207E-006 ,   3.8795628486126848E-004
   4.86999989     , -0.44158598632812501      ,   6.4811115246351311E-006 ,   4.0642581545804237E-004
   4.86000013     , -0.44237685546875000      ,   6.4613250722534159E-006 ,   4.2454865801656909E-004
   4.84999990     , -0.44348364257812500      ,   6.3739974207010119E-006 ,   4.4231211305020178E-004
   4.84000015     , -0.44472949218750002      ,   6.5281527445950094E-006 ,   4.5981027057513554E-004
   4.82999992     , -0.44603139648437501      ,   6.5904678743656124E-006 ,   4.7710033513564162E-004
   4.82000017     , -0.44667534179687501      ,   6.4966109991771539E-006 ,   4.9421914269747575E-004
   4.80999994     , -0.44790390624999998      ,   6.4113674689141250E-006 ,   5.1110748204463859E-004
   4.80000019     , -0.44848017578124999      ,   6.5893929963817861E-006 ,   5.2787004958348429E-004
   4.78999996     , -0.44935473632812500      ,   6.6413099722240839E-006 ,   5.4444515189636241E-004
   4.78000021     , -0.45093764648437501      ,   6.6571236920080995E-006 ,   5.6089180097666118E-004
   4.76999998     , -0.45163139648437500      ,   6.9301200858117318E-006 ,   5.7731627828550166E-004
   4.76000023     , -0.45280083007812499      ,   6.5802910906208387E-006 ,   5.9361999050792089E-004
   4.75000000     , -0.45444770507812499      ,   6.6880534830332345E-006 ,   6.0987700963109430E-004
   4.73999977     , -0.45567231445312500      ,   6.8825860109459332E-006 ,   6.2615742109924316E-004
   4.73000002     , -0.45625971679687499      ,   6.8405339110730175E-006 ,   6.4241901980288554E-004
   4.71999979     , -0.45751406249999998      ,   6.7943645694232499E-006 ,   6.5859728809877305E-004
   4.71000004     , -0.45858095703125001      ,   6.9890307058043537E-006 ,   6.7478172187354201E-004
   4.69999981     , -0.45974409179687498      ,   6.8992871287307379E-006 ,   6.9095847409448425E-004
   4.69000006     , -0.46114643554687501      ,   6.8798898528350034E-006 ,   7.0714610593480235E-004
   4.67999983     , -0.46165297851562498      ,   6.8841009601356472E-006 ,   7.2337938067500824E-004
   4.67000008     , -0.46329658203125001      ,   6.9036212104432175E-006 ,   7.3956414664385890E-004
   4.65999985     , -0.46446445312500001      ,   7.2465232464041997E-006 ,   7.5583738135875705E-004
   4.65000010     , -0.46562592773437500      ,   6.8238798087337588E-006 ,   7.7214768940200320E-004
   4.63999987     , -0.46641987304687499      ,   7.1249619644968899E-006 ,   7.8850222553221644E-004
   4.63000011     , -0.46757392578125001      ,   7.0671407436968707E-006 ,   8.0486557820553585E-004
   4.61999989     , -0.46863046874999997      ,   7.1610820740569044E-006 ,   8.2128347005499148E-004
   4.61000013     , -0.47022324218750000      ,   7.2697925037620051E-006 ,   8.3775046644967940E-004
   4.59999990     , -0.47179985351562498      ,   7.4143068966571535E-006 ,   8.5433004923975565E-004
   4.59000015     , -0.47245478515625000      ,   7.3762455950421832E-006 ,   8.7102300194741224E-004
   4.57999992     , -0.47389311523437500      ,   7.4406909663897777E-006 ,   8.8773371724788384E-004
   4.57000017     , -0.47462861328125000      ,   7.4201953569013856E-006 ,   9.0455113251645936E-004
   4.55999994     , -0.47649194335937500      ,   7.4578428292998685E-006 ,   9.2140406954087015E-004
   4.55000019     , -0.47753085937500001      ,   7.4546968021392853E-006 ,   9.3841733265980409E-004
   4.53999996     , -0.47893623046875000      ,   7.5081806744536331E-006 ,   9.5550609088482317E-004
   4.53000021     , -0.47972211914062501      ,   7.8313785266123730E-006 ,   9.7271431513010838E-004
   4.51999998     , -0.48152226562500000      ,   7.7409129460000212E-006 ,   9.8997818345210862E-004
   4.51000023     , -0.48274335937500001      ,   7.7779226835978036E-006 ,   1.0074093401702855E-003
   4.50000000     , -0.48412182617187499      ,   7.7085908563411756E-006 ,   1.0249488772203015E-003
   4.48999977     , -0.48529047851562501      ,   7.5633260460705730E-006 ,   1.0426161188021414E-003
   4.48000002     , -0.48625634765624998      ,   7.8326627754280394E-006 ,   1.0603930120217503E-003
   4.47000027     , -0.48745966796875001      ,   7.9247674717220289E-006 ,   1.0782617508868044E-003
   4.46000004     , -0.48899013671875002      ,   7.8453709240501692E-006 ,   1.0962498880607459E-003
   4.44999981     , -0.49051044921874998      ,   8.0720860077617849E-006 ,   1.1143965522197364E-003
   4.44000006     , -0.49117656250000002      ,   8.0718475117450718E-006 ,   1.1327028561648308E-003
   4.42999983     , -0.49351884765624998      ,   7.8249980936510984E-006 ,   1.1510788583428354E-003
   4.42000008     , -0.49397148437499999      ,   8.0341229208908491E-006 ,   1.1697088152161183E-003
   4.40999985     , -0.49548686523437502      ,   8.3697901691250950E-006 ,   1.1883938692755453E-003
   4.40000010     , -0.49633286132812499      ,   7.9337724008655254E-006 ,   1.2072481560723930E-003
   4.38999987     , -0.49819057617187501      ,   8.0977033119944779E-006 ,   1.2262041951516757E-003
   4.38000011     , -0.49964184570312498      ,   8.3753252993235501E-006 ,   1.2453747824413362E-003
   4.36999989     , -0.50090649414062505      ,   8.6113630873954660E-006 ,   1.2647197541823349E-003
   4.36000013     , -0.50246176757812500      ,   8.3783118769169295E-006 ,   1.2842189483611411E-003
   4.34999990     , -0.50370366210937501      ,   8.5098631813662119E-006 ,   1.3039076193356763E-003
   4.34000015     , -0.50582436523437502      ,   8.7089541613802831E-006 ,   1.3237553764105414E-003
   4.32999992     , -0.50680805664062500      ,   8.7430591150855810E-006 ,   1.3438609435827374E-003
   4.32000017     , -0.50785756835937501      ,   8.4083277501286521E-006 ,   1.3640999131485382E-003
   4.30999994     , -0.50926860351562497      ,   8.7264956708128941E-006 ,   1.3844848903780617E-003
   4.30000019     , -0.51064750976562501      ,   8.6378187261559448E-006 ,   1.4050578324995614E-003
   4.28999996     , -0.51177133789062501      ,   8.8211023868634367E-006 ,   1.4258188923543550E-003
   4.28000021     , -0.51293725585937500      ,   8.7113787776218591E-006 ,   1.4467413052707703E-003
   4.26999998     , -0.51471894531249995      ,   8.9873338931188780E-006 ,   1.4678347109720561E-003
   4.26000023     , -0.51626113281249997      ,   8.9520011657995719E-006 ,   1.4891687842180003E-003
   4.25000000     , -0.51746767578124997      ,   8.8808654297827802E-006 ,   1.5107198739227835E-003
   4.23999977     , -0.51920917968750002      ,   8.9472215445050882E-006 ,   1.5324534485611407E-003
   4.23000002     , -0.52102915039062503      ,   8.9772361882371292E-006 ,   1.5544325719304645E-003
   4.22000027     , -0.52191069335937501      ,   8.8854478198126574E-006 ,   1.5766687019365569E-003
   4.21000004     , -0.52374033203125003      ,   9.1293794473949798E-006 ,   1.5990602626116432E-003
   4.19999981     , -0.52514013671875004      ,   9.3159924277566579E-006 ,   1.6217177296224347E-003
   4.19000006     , -0.52656176757812501      ,   9.1731392646404641E-006 ,   1.6445935502349264E-003
   4.17999983     , -0.52874111328124995      ,   9.3814291571750481E-006 ,   1.6676951388007995E-003
   4.17000008     , -0.52962348632812495      ,   9.2915231102641405E-006 ,   1.6911111248821889E-003
   4.15999985     , -0.53144541015625002      ,   9.4745315247738604E-006 ,   1.7146965429420415E-003
   4.15000010     , -0.53226484375000005      ,   9.0867552317750376E-006 ,   1.7385607639765891E-003
   4.13999987     , -0.53466250000000004      ,   9.3669171834486253E-006 ,   1.7625928667698697E-003
   4.13000011     , -0.53590454101562501      ,   9.5335764216963852E-006 ,   1.7869804003130118E-003
   4.11999989     , -0.53747846679687505      ,   9.7543971124086797E-006 ,   1.8115920820947933E-003
   4.11000013     , -0.53910932617187501      ,   9.6858188288908167E-006 ,   1.8364682348666829E-003
   4.09999990     , -0.54045131835937499      ,   9.8001314409790296E-006 ,   1.8616203634964437E-003
   4.09000015     , -0.54225273437499999      ,   9.5811052125666103E-006 ,   1.8870157578670238E-003
   4.07999992     , -0.54377529296875005      ,   9.8803470669402984E-006 ,   1.9127146542287277E-003
   4.07000017     , -0.54546044921875003      ,   1.0211457665844808E-005 ,   1.9386879943426348E-003
   4.05999994     , -0.54711381835937500      ,   1.0055124348528610E-005 ,   1.9649575075337397E-003
   4.05000019     , -0.54890004882812504      ,   9.9380970911801515E-006 ,   1.9915218702239524E-003
   4.03999996     , -0.55042485351562498      ,   1.0043660395258034E-005 ,   2.0184028706055047E-003
   4.03000021     , -0.55163759765624998      ,   9.8080768120637895E-006 ,   2.0455702261884022E-003
   4.01999998     , -0.55377817382812500      ,   1.0656551786947103E-005 ,   2.0729930009802345E-003
   4.01000023     , -0.55522700195312502      ,   1.0070656412819152E-005 ,   2.1007870144538017E-003
   4.00000000     , -0.55709121093750003      ,   1.0013269486425919E-005 ,   2.1288694288338584E-003
   3.99000001     , -0.55896621093749999      ,   1.0267875624511804E-005 ,   2.1572981999415774E-003
   3.98000002     , -0.56106430664062501      ,   1.0656630952545052E-005 ,   2.1860803923354150E-003
   3.97000003     , -0.56246640625000000      ,   1.0851340324024956E-005 ,   2.2152480904169512E-003
   3.96000004     , -0.56431943359375003      ,   1.0607779134830777E-005 ,   2.2447144246364771E-003
   3.95000005     , -0.56625712890625002      ,   1.0854088691403837E-005 ,   2.2745433296375035E-003
   3.94000006     , -0.56807641601562497      ,   1.0812044378296877E-005 ,   2.3047492659906601E-003
   3.93000007     , -0.56930517578124995      ,   1.1270435398918439E-005 ,   2.3353233565092269E-003
   3.92000008     , -0.57165424804687504      ,   1.1269845630826676E-005 ,   2.3661915523358924E-003
   3.90999985     , -0.57345151367187497      ,   1.1154014639877625E-005 ,   2.3975047834125379E-003
   3.90000010     , -0.57439453124999995      ,   1.1101602994200423E-005 ,   2.4291949794711569E-003
   3.88999987     , -0.57680014648437505      ,   1.1387557965718765E-005 ,   2.4611536796961641E-003
   3.88000011     , -0.57871811523437500      ,   1.1998223279520303E-005 ,   2.4935834424822238E-003
   3.86999989     , -0.58046088867187495      ,   1.1814471561134759E-005 ,   2.5264227383941505E-003
   3.86000013     , -0.58239213867187500      ,   1.1289742477881108E-005 ,   2.5596484755375788E-003
   3.84999990     , -0.58445913085937495      ,   1.1233576228235780E-005 ,   2.5932939155275119E-003
   3.84000015     , -0.58602309570312505      ,   1.1888308443449566E-005 ,   2.6273858596544465E-003
   3.82999992     , -0.58802060546875001      ,   1.1931118182965099E-005 ,   2.6618588713272708E-003
   3.82000017     , -0.59005888671874995      ,   1.1141870002531799E-005 ,   2.6967746614297156E-003
   3.80999994     , -0.59195537109374996      ,   1.2080175943678810E-005 ,   2.7321511937391770E-003
   3.80000019     , -0.59366923828124996      ,   1.2477540905382040E-005 ,   2.7679717617752498E-003
   3.78999996     , -0.59619731445312496      ,   1.1674399800969131E-005 ,   2.8042134635329935E-003
   3.77999997     , -0.59824609375000004      ,   1.2519457253769020E-005 ,   2.8410029077661964E-003
   3.76999998     , -0.59989829101562497      ,   1.2128977655384867E-005 ,   2.8782751046224132E-003
   3.75999999     , -0.60235166015624997      ,   1.2799697279596454E-005 ,   2.9159790680500161E-003
   3.75000000     , -0.60400468750000003      ,   1.2218907511424250E-005 ,   2.9542383069299512E-003
   3.74000001     , -0.60588754882812501      ,   1.2861539429863387E-005 ,   2.9929397881982111E-003
   3.73000002     , -0.60845683593750000      ,   1.2715213885136301E-005 ,   3.0321251236950356E-003
   3.72000003     , -0.61027026367187498      ,   1.2253270204191488E-005 ,   3.0719032513711378E-003
   3.71000004     , -0.61259667968749998      ,   1.2817409123255173E-005 ,   3.1121666289895098E-003
   3.70000005     , -0.61441035156250001      ,   1.2668536711963760E-005 ,   3.1530023285696583E-003
   3.69000006     , -0.61556005859374996      ,   1.3114334888854020E-005 ,   3.1943376317680266E-003
   3.68000007     , -0.61860034179687495      ,   1.2567122244545461E-005 ,   3.2360721583477182E-003
   3.67000008     , -0.62027968749999995      ,   1.2925829712711496E-005 ,   3.2785127594600742E-003
   3.66000009     , -0.62298413085937498      ,   1.2909479697055484E-005 ,   3.3214508123518517E-003
   3.65000010     , -0.62556904296875004      ,   1.3797914126922234E-005 ,   3.3650622327322226E-003
   3.63999987     , -0.62793056640625000      ,   1.3398731424066187E-005 ,   3.4093330632265773E-003
   3.63000011     , -0.62982778320312505      ,   1.3867945363601596E-005 ,   3.4542350208713640E-003
   3.61999989     , -0.63241381835937505      ,   1.4157268086049260E-005 ,   3.4997014880054685E-003
   3.61000013     , -0.63415200195312504      ,   1.3275882990241590E-005 ,   3.5458502957797576E-003
   3.59999990     , -0.63586372070312502      ,   1.3997616583218781E-005 ,   3.5925519773534536E-003
   3.59000015     , -0.63802197265625005      ,   1.4168892331502706E-005 ,   3.6398082367760749E-003
   3.57999992     , -0.64113447265625001      ,   1.4266455533596781E-005 ,   3.6877047596919890E-003
   3.57000017     , -0.64299829101562500      ,   1.4382546899265806E-005 ,   3.7364119308585836E-003
   3.55999994     , -0.64531157226562497      ,   1.4464457702529559E-005 ,   3.7857254626634139E-003
   3.55000019     , -0.64800996093749996      ,   1.4760283067713837E-005 ,   3.8357318380373238E-003
   3.53999996     , -0.65040795898437498      ,   1.4606761437832078E-005 ,   3.8865091948478469E-003
   3.53000021     , -0.65298413085937501      ,   1.5096579538885490E-005 ,   3.9380137664340462E-003
   3.51999998     , -0.65516489257812505      ,   1.5052675880987841E-005 ,   3.9902895372081956E-003
   3.50999999     , -0.65757875976562497      ,   1.4772634475033771E-005 ,   4.0432710764450172E-003
   3.50000000     , -0.66048496093749998      ,   1.5510365586709210E-005 ,   4.0970153331562360E-003
   3.49000001     , -0.66170083007812497      ,   1.5694435331405319E-005 ,   4.1516225583711824E-003
   3.48000002     , -0.66514345703125000      ,   1.5493708395292156E-005 ,   4.2067870555476785E-003
   3.47000003     , -0.66765854492187504      ,   1.5520497300583041E-005 ,   4.2629373900443185E-003
   3.46000004     , -0.66984946289062497      ,   1.6034715232555598E-005 ,   4.3199131592930838E-003
   3.45000005     , -0.67333627929687501      ,   1.5922920749377493E-005 ,   4.3776600771121199E-003
   3.44000006     , -0.67513764648437502      ,   1.5307065141771149E-005 ,   4.4364415564604855E-003
   3.43000007     , -0.67777153320312500      ,   1.5880188641526757E-005 ,   4.4959415348142275E-003
   3.42000008     , -0.68027729492187505      ,   1.6299191358187929E-005 ,   4.5563375341774390E-003
   3.41000009     , -0.68345444335937500      ,   1.6702160086574446E-005 ,   4.6176168894075170E-003
   3.40000010     , -0.68698212890624999      ,   1.6552823458966173E-005 ,   4.6799263529742671E-003
   3.38999987     , -0.68890405273437505      ,   1.7257065264346974E-005 ,   4.7433568349086403E-003
   3.38000011     , -0.69160424804687504      ,   1.6229576800752011E-005 ,   4.8075823380007640E-003
   3.36999989     , -0.69385664062499997      ,   1.7448996326784153E-005 ,   4.8727862866819157E-003
   3.36000013     , -0.69652363281249996      ,   1.7791425379014764E-005 ,   4.9388862183481798E-003
   3.34999990     , -0.69961977539062503      ,   1.7304200934375284E-005 ,   5.0059802786356321E-003
   3.34000015     , -0.70231787109374999      ,   1.7741227565157285E-005 ,   5.0741758454333902E-003
   3.32999992     , -0.70573715820312499      ,   1.7692612549273297E-005 ,   5.1434044530298444E-003
   3.32000017     , -0.70845434570312504      ,   1.7740654529872074E-005 ,   5.2138384478163241E-003
   3.30999994     , -0.71087958984374999      ,   1.7811539392198712E-005 ,   5.2853411594108541E-003
   3.30000019     , -0.71401806640624998      ,   1.6774418421726336E-005 ,   5.3578552562246013E-003
   3.28999996     , -0.71752446289062499      ,   1.7728222356115830E-005 ,   5.4315669634391441E-003
   3.28000021     , -0.71975200195312505      ,   1.8649798802592967E-005 ,   5.5065791129456929E-003
   3.26999998     , -0.72368750000000004      ,   1.8457110716628756E-005 ,   5.5826119522245027E-003
   3.25999999     , -0.72609262695312504      ,   1.8375851811657152E-005 ,   5.6600810824958374E-003
   3.25000000     , -0.72978144531250000      ,   1.8648796262798195E-005 ,   5.7386436587523260E-003
   3.24000001     , -0.73288247070312496      ,   1.9426390687949535E-005 ,   5.8186282449468859E-003
   3.23000002     , -0.73510087890624998      ,   1.9123275242955448E-005 ,   5.8999114222416044E-003
   3.22000003     , -0.73842207031249996      ,   1.9987474159528491E-005 ,   5.9822962040496147E-003
   3.21000004     , -0.74215620117187497      ,   1.9344328851004756E-005 ,   6.0660708210860384E-003
   3.20000005     , -0.74474233398437495      ,   1.9464995402616522E-005 ,   6.1513616205583427E-003
   3.19000006     , -0.74867084960937502      ,   2.0134535745984293E-005 ,   6.2379019099556687E-003
   3.18000007     , -0.75136699218750003      ,   1.9818575810869342E-005 ,   6.3260540730538566E-003
   3.17000008     , -0.75486474609374998      ,   2.0176661558391037E-005 ,   6.4155234325796017E-003
   3.16000009     , -0.75891821289062500      ,   1.9922656450169644E-005 ,   6.5065406660024354E-003
   3.15000010     , -0.76209433593749998      ,   1.9923354791506360E-005 ,   6.5992778825458200E-003
   3.13999987     , -0.76502207031250002      ,   2.0987198920672744E-005 ,   6.6935319736165302E-003
   3.13000011     , -0.76925761718749996      ,   2.1303841299787708E-005 ,   6.7892532409610830E-003
   3.11999989     , -0.77184375000000005      ,   2.2065516447639648E-005 ,   6.8868334386094961E-003
   3.11000013     , -0.77560761718750004      ,   2.1430538634746309E-005 ,   6.9858283025817473E-003
   3.09999990     , -0.77948520507812502      ,   2.2932166297804916E-005 ,   7.0866054309947739E-003
   3.09000015     , -0.78318969726562504      ,   2.2887717299949401E-005 ,   7.1892190699380217E-003
   3.07999992     , -0.78689902343749996      ,   2.2063085021771103E-005 ,   7.2936480904749702E-003
   3.07000017     , -0.78986645507812503      ,   2.0509526133639209E-005 ,   7.3999169048539438E-003
   3.05999994     , -0.79377719726562501      ,   2.3026224384373013E-005 ,   7.5078480762319818E-003
   3.05000019     , -0.79743818359374996      ,   2.2530164144378234E-005 ,   7.6177451071586149E-003
   3.03999996     , -0.80132675781249996      ,   2.4749060122246804E-005 ,   7.7295755552486906E-003
   3.03000021     , -0.80560380859375003      ,   2.3264698250742341E-005 ,   7.8434263162386296E-003
   3.01999998     , -0.80927519531250003      ,   2.3171995365040854E-005 ,   7.9594564973728670E-003
   3.00999999     , -0.81263818359374995      ,   2.4491458684449743E-005 ,   8.0775147053873293E-003
   3.00000000     , -0.81759624023437505      ,   2.4395894002990113E-005 ,   8.1975319241703124E-003
   2.99000001     , -0.82243730468749998      ,   2.4437662814694989E-005 ,   8.3200599954717236E-003
   2.98000002     , -0.82537065429687495      ,   2.6997599590981739E-005 ,   8.4451150410506121E-003
   2.97000003     , -0.82993061523437495      ,   2.4227474867390619E-005 ,   8.5720831021882295E-003
   2.96000004     , -0.83373120117187505      ,   2.6453314726351624E-005 ,   8.7015594305587841E-003
   2.95000005     , -0.83799912109374997      ,   2.5921464528082851E-005 ,   8.8333208783761951E-003
   2.94000006     , -0.84132504882812498      ,   2.4884143389048479E-005 ,   8.9675625643703544E-003
   2.93000007     , -0.84658437499999994      ,   2.6531090320637156E-005 ,   9.1040023584401022E-003
   2.92000008     , -0.85079321289062504      ,   2.7188496957340985E-005 ,   9.2433742873212314E-003
   2.91000009     , -0.85534287109374996      ,   2.7452884193020891E-005 ,   9.3853416045416357E-003
   2.90000010     , -0.85958828124999997      ,   2.7152210544079055E-005 ,   9.5300744714163482E-003
   2.89000010     , -0.86456225585937496      ,   2.8370754896198992E-005 ,   9.6775125010191143E-003
   2.88000011     , -0.86924516601562496      ,   2.6860441973148781E-005 ,   9.8279694199672769E-003
   2.87000012     , -0.87357514648437495      ,   2.7820118458066430E-005 ,   9.9813934149994635E-003
   2.86000013     , -0.87782807617187497      ,   2.8467806479452427E-005 ,   1.0137702105743584E-002
   2.85000014     , -0.88300478515625003      ,   3.0665119465553673E-005 ,   1.0296919706068582E-002
   2.84000015     , -0.88775131835937504      ,   2.8818944259840397E-005 ,   1.0459456658435647E-002
   2.83000016     , -0.89279555664062504      ,   3.0164004275119214E-005 ,   1.0625203018187901E-002
   2.81999993     , -0.89774262695312501      ,   3.0888425677860527E-005 ,   1.0794343965884110E-002
   2.80999994     , -0.90376240234375005      ,   2.8450730013116512E-005 ,   1.0966885559074057E-002
   2.79999995     , -0.90812988281249996      ,   3.1473992130289776E-005 ,   1.1143365456226318E-002
   2.78999996     , -0.91383124999999998      ,   3.2522826681448961E-005 ,   1.1323141441400234E-002
   2.77999997     , -0.91832880859374999      ,   3.3288546908459015E-005 ,   1.1506859287830504E-002
   2.76999998     , -0.92376640624999995      ,   3.2615941256713819E-005 ,   1.1694042237036776E-002
   2.75999999     , -0.92822387695312503      ,   3.2040514208174479E-005 ,   1.1885179932157947E-002
   2.75000000     , -0.93432128906250000      ,   3.4209495002322644E-005 ,   1.2079904285733099E-002
   2.74000001     , -0.94106967773437500      ,   3.4209110712738948E-005 ,   1.2279042560159830E-002
   2.73000002     , -0.94626655273437499      ,   3.6761158767953675E-005 ,   1.2483006229909816E-002
   2.72000003     , -0.95212441406250004      ,   3.4703660503401691E-005 ,   1.2691115306957905E-002
   2.71000004     , -0.95711992187499995      ,   3.6012831633492187E-005 ,   1.2903783869575544E-002
   2.70000005     , -0.96279584960937503      ,   3.6454518512637185E-005 ,   1.3120667290693463E-002
   2.69000006     , -0.97025717773437503      ,   3.8472946045786889E-005 ,   1.3342193156911196E-002
   2.68000007     , -0.97558652343749996      ,   3.6420933149894927E-005 ,   1.3569368151115457E-002
   2.67000008     , -0.98254282226562495      ,   3.7972136719442362E-005 ,   1.3801186316856898E-002
   2.66000009     , -0.98695366210937496      ,   3.8411713704465334E-005 ,   1.4038612263932229E-002
   2.65000010     , -0.99414423828124998      ,   3.7971906950654775E-005 ,   1.4280361968193137E-002
   2.64000010     ,  -1.0010212402343750      ,   3.7093213945659602E-005 ,   1.4528054731303282E-002
   2.63000011     ,  -1.0079582031250001      ,   3.9504670119514356E-005 ,   1.4781645344855760E-002
   2.62000012     ,  -1.0162728027343750      ,   4.0244525948560890E-005 ,   1.5041291782511649E-002
   2.61000013     ,  -1.0223455566406250      ,   4.1095431840426881E-005 ,   1.5307925673319981E-002
   2.60000014     ,  -1.0291548828124999      ,   4.3963280011416112E-005 ,   1.5580362079136397E-002
   2.59000015     ,  -1.0357566894531249      ,   4.5372382390168621E-005 ,   1.5859162197652210E-002
   2.58000016     ,  -1.0435910644531250      ,   4.2421665661068441E-005 ,   1.6144307507815179E-002
   2.57000017     ,  -1.0510471191406250      ,   5.3822371707501409E-005 ,   1.6436751253894363E-002
   2.55999994     ,  -1.0572124511718750      ,   4.7039359734819591E-005 ,   1.6736365244689383E-002
   2.54999995     ,  -1.0636153320312500      ,   4.5060404727302723E-005 ,   1.7042426053708957E-002
   2.53999996     ,  -1.0717482910156251      ,   4.1811057459160128E-005 ,   1.7355222878318866E-002
   2.52999997     ,  -1.0843496093750000      ,   4.6253428551609617E-005 ,   1.7676099959824863E-002
   2.51999998     ,  -1.0899860839843749      ,   4.6091962897494896E-005 ,   1.8008345907042110E-002
   2.50999999     ,  -1.1002976562500000      ,   5.1147435638870792E-005 ,   1.8347300577919109E-002
   2.50000000     ,  -1.1048313964843750      ,   4.6627667557751610E-005 ,   1.8696455063790206E-002
   2.49000001     ,  -1.1135363769531250      ,   6.0998776262290783E-005 ,   1.9051827634162938E-002
   2.48000002     ,  -1.1261030761718751      ,   5.0701210643344342E-005 ,   1.9416603664661525E-002
   2.47000003     ,  -1.1325713378906250      ,   5.6385624189666022E-005 ,   1.9793976808396424E-002
   2.46000004     ,  -1.1452156250000001      ,   5.4844836596333515E-005 ,   2.0179476073409992E-002
   2.45000005     ,  -1.1490118652343750      ,   6.2534656766306061E-005 ,   2.0578247132303485E-002
   2.44000006     ,  -1.1623475097656251      ,   5.8038946213637637E-005 ,   2.0983329948508222E-002
   2.43000007     ,  -1.1700327636718750      ,   6.9116203918283077E-005 ,   2.1402827679983027E-002
   2.42000008     ,  -1.1839394531250000      ,   6.1879931986066794E-005 ,   2.1832234923020961E-002
   2.41000009     ,  -1.1944348632812500      ,   6.6832993031008781E-005 ,   2.2277228869085230E-002
   2.40000010     ,  -1.2058836914062501      ,   6.2487949197900550E-005 ,   2.2735152213062510E-002
   2.39000010     ,  -1.2137562500000001      ,   6.5407329909299714E-005 ,   2.3207197478967944E-002
   2.38000011     ,  -1.2247118164062500      ,   7.2084245256078382E-005 ,   2.3690364625154763E-002
   2.37000012     ,  -1.2383420410156250      ,   7.6352848322416589E-005 ,   2.4187846120363034E-002
   2.36000013     ,  -1.2532541503906249      ,   7.8156632920526361E-005 ,   2.4702611937261799E-002
   2.35000014     ,  -1.2666073242187501      ,   8.1848230645681881E-005 ,   2.5236439143246778E-002
   2.34000015     ,  -1.2804009277343751      ,   7.9046450030501812E-005 ,   2.5788211081509856E-002
   2.33000016     ,  -1.2933919433593750      ,   8.9182049508205642E-005 ,   2.6358920464812956E-002
   2.32000017     ,  -1.3092408691406250      ,   9.8548421170331499E-005 ,   2.6948197496442915E-002
   2.30999994     ,  -1.3268898437500001      ,   1.0525234716244849E-004 ,   2.7559768409020961E-002
   2.29999995     ,  -1.3462572753906250      ,   1.1359739499800664E-004 ,   2.8196391513688170E-002
   2.28999996     ,  -1.3651350585937501      ,   1.4049206229490996E-004 ,   2.8861043367787279E-002
   2.27999997     ,  -1.3913712402343750      ,   1.5174255435562370E-004 ,   2.9553995584691031E-002
   2.26999998     ,  -1.4177369140625000      ,   1.5418725223183177E-004 ,   3.0285838199264139E-002
   2.25999999     ,  -1.4417670410156249      ,   1.4393560407599019E-004 ,   3.1058303430837982E-002
   2.25000000     ,  -1.4626835449218749      ,   1.2402830754086112E-004 ,   3.1869527774376835E-002
   2.24000001     ,  -1.4823659179687501      ,   1.1163873884735209E-004 ,   3.2716162158892115E-002
   2.23000002     ,  -1.5006429687500000      ,   1.0399227076535224E-004 ,   3.3597383755657420E-002
   2.22000003     ,  -1.5163828125000001      ,   9.5931942170919868E-005 ,   3.4511918664068081E-002
   2.21000004     ,  -1.5319744140625000      ,   9.0757645625390862E-005 ,   3.5456452909986037E-002
   2.20000005     ,  -1.5467160644531250      ,   8.7309336933228958E-005 ,   3.6431480781911781E-002
   2.19000006     ,  -1.5602679199218750      ,   8.1345879584643078E-005 ,   3.7436261900243545E-002
   2.18000007     ,  -1.5734526855468749      ,   7.7974017551675156E-005 ,   3.8469424988252662E-002
   2.17000008     ,  -1.5863523925781251      ,   7.2567568385220832E-005 ,   3.9530962625506101E-002
   2.16000009     ,  -1.5979289062499999      ,   7.2642763904055816E-005 ,   4.0621061703589569E-002
   2.15000010     ,  -1.6098550292968750      ,   6.9514432832866850E-005 ,   4.1737949661496548E-002
   2.14000010     ,  -1.6211531250000000      ,   6.7617792315804789E-005 ,   4.2882913405650147E-002
   2.13000011     ,  -1.6319959472656249      ,   6.2965346876601218E-005 ,   4.4055432865756736E-002
   2.12000012     ,  -1.6417551269531250      ,   6.2790620222593675E-005 ,   4.5255306847636810E-002
   2.11000013     ,  -1.6521470703125001      ,   6.2693995933277543E-005 ,   4.6481139037361507E-002
   2.10000014     ,  -1.6620574218749999      ,   5.7453632127258734E-005 ,   4.7734778856073627E-002
   2.09000015     ,  -1.6721724121093751      ,   5.3410581709778496E-005 ,   4.9015950363306401E-002
   2.08000016     ,  -1.6816532714843750      ,   5.3619259032700023E-005 ,   5.0325774781701957E-002
   2.07000017     ,  -1.6899617675781251      ,   5.3015594623414573E-005 ,   5.1663702760175373E-002
   2.06000018     ,  -1.6973585449218751      ,   5.5045673292767933E-005 ,   5.3028074846767859E-002
   2.04999995     ,  -1.7063743164062499      ,   5.0863741111585008E-005 ,   5.4417713652864901E-002
   2.03999996     ,  -1.7154810546874999      ,   4.8501695015920299E-005 ,   5.5836612937099447E-002
   2.02999997     ,  -1.7218592285156249      ,   4.9867966277580826E-005 ,   5.7285741333646077E-002
   2.01999998     ,  -1.7304257324218750      ,   4.6514411254279562E-005 ,   5.8760137485001647E-002
   2.00999999     ,  -1.7369473144531249      ,   4.8259460795159137E-005 ,   6.0265135266905752E-002
   2.00000000     ,  -1.7456047851562499      ,   4.5540183665759848E-005 ,   6.1797177966649616E-002
   1.99000001     ,  -1.7532031738281251      ,   4.3305388688908668E-005 ,   6.3361569491130532E-002
   1.98000002     ,  -1.7597496582031249      ,   4.1688661245047227E-005 ,   6.4956832115686508E-002
   1.97000003     ,  -1.7664725097656251      ,   4.0715074277977065E-005 ,   6.6581513523373798E-002
   1.96000004     ,  -1.7729944335937500      ,   3.9317959901967594E-005 ,   6.8236804260095776E-002
   1.95000005     ,  -1.7801492675781250      ,   3.8385503907497264E-005 ,   6.9923058580535144E-002
   1.94000006     ,  -1.7852967285156249      ,   3.9264378498015437E-005 ,   7.1642558447938515E-002
   1.93000007     ,  -1.7922361328125000      ,   3.6083985157134018E-005 ,   7.3391660045664220E-002
   1.92000008     ,  -1.7987152343749999      ,   3.3675811580044216E-005 ,   7.5175221107112472E-002
   1.91000009     ,  -1.8039677734374999      ,   3.6231677356214893E-005 ,   7.6993121101806353E-002
   1.90000010     ,  -1.8086786621093749      ,   3.5108411903160990E-005 ,   7.8843492502445683E-002
   1.89000010     ,  -1.8150661132812500      ,   3.3945934857582386E-005 ,   8.0725956976563401E-002
   1.88000011     ,  -1.8199584472656249      ,   3.1836217082258261E-005 ,   8.2645323610689797E-002
   1.87000012     ,  -1.8253363281249999      ,   3.0842665361436439E-005 ,   8.4599046952624671E-002
   1.86000013     ,  -1.8315494140624999      ,   3.0283169115934345E-005 ,   8.6589234485317648E-002
   1.85000014     ,  -1.8363132324218749      ,   2.9722941638544934E-005 ,   8.8618862595252701E-002
   1.84000015     ,  -1.8412181640625001      ,   2.8724171776870826E-005 ,   9.0685488512489670E-002
   1.83000016     ,  -1.8454340820312500      ,   2.7948585426668166E-005 ,   9.2790508588081397E-002
   1.82000017     ,  -1.8507561035156250      ,   2.6767591368247428E-005 ,   9.4933270537159373E-002
   1.81000018     ,  -1.8552851074218750      ,   2.6351255427286292E-005 ,   9.7117527457892663E-002
   1.80000019     ,  -1.8596559082031250      ,   2.7524794881022985E-005 ,   9.9342467944051022E-002
   1.78999996     ,  -1.8629358886718750      ,   2.6477933111276402E-005 ,  0.10160881846137579     
   1.77999997     ,  -1.8681695800781251      ,   2.5687442469755202E-005 ,  0.10391493448018811     
   1.76999998     ,  -1.8719349609375000      ,   2.6492060061980586E-005 ,  0.10626690368309090     
   1.75999999     ,  -1.8760211425781250      ,   2.4317909529417037E-005 ,  0.10866221965061289     
   1.75000000     ,  -1.8798122558593751      ,   2.3889346334332135E-005 ,  0.11110291918399214     
   1.74000001     ,  -1.8834020507812499      ,   2.3667719482967327E-005 ,  0.11358945522790133     
   1.73000002     ,  -1.8870701171875000      ,   2.2055514617561226E-005 ,  0.11612262589110482     
   1.72000003     ,  -1.8910435058593751      ,   2.2674080287405230E-005 ,  0.11870387928012968     
   1.71000004     ,  -1.8948331054687499      ,   2.0478321886530186E-005 ,  0.12133536898589810     
   1.70000005     ,  -1.8980747558593749      ,   2.1451330091771145E-005 ,  0.12401800774947444     
   1.69000006     ,  -1.9013961914062500      ,   2.0583713588872368E-005 ,  0.12675173554058958     
   1.68000007     ,  -1.9044415039062501      ,   2.0533164042878227E-005 ,  0.12953821722695830     
   1.67000008     ,  -1.9079565429687499      ,   1.9488683071844310E-005 ,  0.13237813252785538     
   1.66000009     ,  -1.9110613281250000      ,   1.8741299707421735E-005 ,  0.13527428107931427     
   1.65000010     ,  -1.9142125000000001      ,   1.8501650152938910E-005 ,  0.13822711239697574     
   1.64000010     ,  -1.9169726562500000      ,   1.8469716485232003E-005 ,  0.14123833558993434     
   1.63000011     ,  -1.9204413085937500      ,   1.6871303216609961E-005 ,  0.14430851467555766     
   1.62000012     ,  -1.9230050292968750      ,   1.6022141114606986E-005 ,  0.14744125862410104     
   1.61000013     ,  -1.9257011230468750      ,   1.6669128546501815E-005 ,  0.15063584172487068     
   1.60000014     ,  -1.9282088378906250      ,   1.5392827232341822E-005 ,  0.15389435537481783     
   1.59000015     ,  -1.9305881835937500      ,   1.5428779603021034E-005 ,  0.15721807481385558     
   1.58000016     ,  -1.9330198242187500      ,   1.4904427437297486E-005 ,  0.16060851885264607     
   1.57000017     ,  -1.9357687988281249      ,   1.4864570771492097E-005 ,  0.16406776036209056     
   1.56000018     ,  -1.9383543457031249      ,   1.4295695108123665E-005 ,  0.16759864100068489     
   1.55000019     ,  -1.9405777832031250      ,   1.3872242843227991E-005 ,  0.17120283693634214     
   1.53999996     ,  -1.9426584960937501      ,   1.2585539586487098E-005 ,  0.17488134035673733     
   1.52999997     ,  -1.9447563476562499      ,   1.3747133431768331E-005 ,  0.17863587181556539     
   1.51999998     ,  -1.9471836914062499      ,   1.2860552489540759E-005 ,  0.18246866801965209     
   1.50999999     ,  -1.9491741699218750      ,   1.2267677757955603E-005 ,  0.18638307728485728     
   1.50000000     ,  -1.9509697753906250      ,   1.2096621756486051E-005 ,  0.19038016415172337     
   1.49000001     ,  -1.9531641601562499      ,   1.1340519652538571E-005 ,  0.19446168273589332     
   1.48000002     ,  -1.9548284667968749      ,   1.1034873227839033E-005 ,  0.19863149241491049     
   1.47000003     ,  -1.9567641113281251      ,   1.1172951745489783E-005 ,  0.20289046067628635     
   1.46000004     ,  -1.9586250976562500      ,   1.0968249977903105E-005 ,  0.20724216864179784     
   1.45000005     ,  -1.9602339355468750      ,   1.0590836409478450E-005 ,  0.21168911449836153     
   1.44000006     ,  -1.9620237304687500      ,   9.8410381510179600E-006 ,  0.21623341267557808     
   1.43000007     ,  -1.9635189453124999      ,   9.3303795308982561E-006 ,  0.22087855786771202     
   1.42000008     ,  -1.9648739257812500      ,   9.3950763213359468E-006 ,  0.22562668794389495     
   1.41000009     ,  -1.9665981933593750      ,   9.0863458307148723E-006 ,  0.23048049156643555     
   1.40000010     ,  -1.9681510253906249      ,   9.0045403165911571E-006 ,  0.23544444101282330     
   1.39000010     ,  -1.9694025390625001      ,   8.2890134031870835E-006 ,  0.24052138591112956     
   1.38000011     ,  -1.9710762695312500      ,   8.2878485821709811E-006 ,  0.24571377632901617     
   1.37000012     ,  -1.9722688476562500      ,   8.1326414503956221E-006 ,  0.25102671890537864     
   1.36000013     ,  -1.9735187500000000      ,   7.4351406980130869E-006 ,  0.25646232152210058     
   1.35000014     ,  -1.9747149902343750      ,   6.9952926668530241E-006 ,  0.26202464408260301     
   1.34000015     ,  -1.9759350585937501      ,   7.3009597538919715E-006 ,  0.26771758695147585     
   1.33000016     ,  -1.9771213867187500      ,   6.9835095658403456E-006 ,  0.27354540591591625     
   1.32000017     ,  -1.9782625976562500      ,   6.5874425960771060E-006 ,  0.27951223752567078     
   1.31000018     ,  -1.9792802734374999      ,   6.5169958114574331E-006 ,  0.28562252479574268     
   1.30000019     ,  -1.9801268066406250      ,   6.3367591788350923E-006 ,  0.29188050670123905     
   1.29000020     ,  -1.9811913574218749      ,   5.7624536121819844E-006 ,  0.29829031812084189     
   1.27999997     ,  -1.9822604980468750      ,   5.5838346815252626E-006 ,  0.30485791126860673     
   1.26999998     ,  -1.9830863281250000      ,   5.4491144666414485E-006 ,  0.31158837532162470     
   1.25999999     ,  -1.9840667480468750      ,   5.1217062904593597E-006 ,  0.31848638617210612     
   1.25000000     ,  -1.9848794433593751      ,   5.0573969626492116E-006 ,  0.32555810157930515     
   1.24000001     ,  -1.9855384277343751      ,   4.9254294334521994E-006 ,  0.33280877391801839     
   1.23000002     ,  -1.9865214355468750      ,   4.5644829536389555E-006 ,  0.34024391599187814     
   1.22000003     ,  -1.9870925292968751      ,   4.3252305411883457E-006 ,  0.34787122537463766     
   1.21000004     ,  -1.9880059570312500      ,   4.2004443424819657E-006 ,  0.35569564193564196     
   1.20000005     ,  -1.9885160644531250      ,   4.0756471040239272E-006 ,  0.36372553944438185     
   1.19000006     ,  -1.9893202636718750      ,   3.8367339920611741E-006 ,  0.37196633933446749     
   1.18000007     ,  -1.9898307128906250      ,   3.7318594372590764E-006 ,  0.38042689661471091     
   1.17000008     ,  -1.9904962890625000      ,   3.5009113771124376E-006 ,  0.38911372006789857     
   1.16000009     ,  -1.9911387207031250      ,   3.4439350536431108E-006 ,  0.39803564396674262     
   1.15000010     ,  -1.9915954589843750      ,   3.3044165964682158E-006 ,  0.40720114283781572     
   1.14000010     ,  -1.9922052246093751      ,   3.1577674404915562E-006 ,  0.41661829616159107     
   1.13000011     ,  -1.9925330078125001      ,   2.8519295973872184E-006 ,  0.42629699394485843     
   1.12000012     ,  -1.9930863281250000      ,   2.8186669805690519E-006 ,  0.43624573447094694     
   1.11000013     ,  -1.9936166992187501      ,   2.5649526308598879E-006 ,  0.44647570942247045     
   1.10000014     ,  -1.9939650878906250      ,   2.5462330212019959E-006 ,  0.45699745198277186     
   1.09000015     ,  -1.9943764160156250      ,   2.4377961795109146E-006 ,  0.46782109652530612     
   1.08000016     ,  -1.9947158691406250      ,   2.2919021889189638E-006 ,  0.47895866329179027     
   1.07000017     ,  -1.9951037597656249      ,   2.1083646793567981E-006 ,  0.49042197679850386     
   1.06000018     ,  -1.9954900390625001      ,   2.1099093701162695E-006 ,  0.50222397166108224     
   1.05000019     ,  -1.9958241699218751      ,   1.9124808289541003E-006 ,  0.51437801058978161     
   1.04000020     ,  -1.9961513671875000      ,   1.8579659601743681E-006 ,  0.52689787637682817     
   1.02999997     ,  -1.9964145996093750      ,   1.6200441155236476E-006 ,  0.53979853700667524     
   1.01999998     ,  -1.9966722656250000      ,   1.7118171750494212E-006 ,  0.55309443720973428     
   1.00999999     ,  -1.9969444335937501      ,   1.4850243546836075E-006 ,  0.56680218686929917     
   1.00000000     ,  -1.9971632812500000      ,   1.4692420582385068E-006 ,  0.58093875190224142     
