   5.00000000     , -0.42736249999999998      ,   9.8027190141540007E-005 ,   2.4107972182039412E-005
   4.98999977     , -0.42964687499999998      ,   9.5287448777466236E-005 ,   1.1049629049854026E-004
   4.98000002     , -0.42871328125000002      ,   9.6129552111131364E-005 ,   1.5572400799109099E-004
   4.96999979     , -0.43161015624999999      ,   9.8913596513599630E-005 ,   1.9082246242208665E-004
   4.96000004     , -0.43210859374999999      ,   9.7847910184623512E-005 ,   2.2154403741555926E-004
   4.94999981     , -0.43322109375000001      ,   9.5886611840318844E-005 ,   2.4898052323540985E-004
   4.94000006     , -0.43348203125000001      ,   9.7738997557431507E-005 ,   2.7428408073526815E-004
   4.92999983     , -0.43516640625000003      ,   9.6461633602254603E-005 ,   2.9783845707939297E-004
   4.92000008     , -0.43578828125000002      ,   1.0073242423687512E-004 ,   3.2033392802497090E-004
   4.90999985     , -0.43913124999999997      ,   9.9033379742361795E-005 ,   3.4179055212186208E-004
   4.90000010     , -0.43861562500000001      ,   9.9115917407796217E-005 ,   3.6282504946014415E-004
   4.88999987     , -0.43978984375000002      ,   1.0153393606242456E-004 ,   3.8295544005203516E-004
   4.88000011     , -0.43985234374999999      ,   1.0085775215818686E-004 ,   4.0255637258937909E-004
   4.86999989     , -0.44312578125000002      ,   1.0255197791005728E-004 ,   4.2155602909459009E-004
   4.86000013     , -0.44353124999999999      ,   1.0425099025090318E-004 ,   4.4050702134599477E-004
   4.84999990     , -0.44321718750000000      ,   1.0513659097537761E-004 ,   4.5902697901608431E-004
   4.84000015     , -0.44428203124999999      ,   1.0617069772586487E-004 ,   4.7706985651394440E-004
   4.82999992     , -0.44599140625000000      ,   1.0273305152316820E-004 ,   4.9484528880373749E-004
   4.82000017     , -0.44531484375000002      ,   1.0408911819929516E-004 ,   5.1248705144438364E-004
   4.80999994     , -0.44638281250000000      ,   1.0227574011987131E-004 ,   5.2971950761509460E-004
   4.80000019     , -0.44867109375000003      ,   1.0230682827838638E-004 ,   5.4679590296355135E-004
   4.78999996     , -0.45006875000000002      ,   1.0507306389306097E-004 ,   5.6391161049718455E-004
   4.78000021     , -0.45067265625000003      ,   1.0839351781864215E-004 ,   5.8098012881279857E-004
   4.76999998     , -0.45115468749999998      ,   1.0530265171018609E-004 ,   5.9788206266673085E-004
   4.76000023     , -0.45344921874999999      ,   1.0136309366478461E-004 ,   6.1460621108849073E-004
   4.75000000     , -0.45423359375000000      ,   1.0376589698315238E-004 ,   6.3141109460433100E-004
   4.73999977     , -0.45513515625000001      ,   1.0818191094754355E-004 ,   6.4816028376451216E-004
   4.73000002     , -0.45798984375000001      ,   1.0832866085502277E-004 ,   6.6486853418476098E-004
   4.71999979     , -0.45806406249999998      ,   1.0585901453168723E-004 ,   6.8172689672189564E-004
   4.71000004     , -0.45902656250000001      ,   1.1321020846535396E-004 ,   6.9848333432447323E-004
   4.69999981     , -0.45950546874999998      ,   1.1355676033727180E-004 ,   7.1522830718887377E-004
   4.69000006     , -0.45972187500000000      ,   1.1145050035341151E-004 ,   7.3189524244689241E-004
   4.67999983     , -0.46192265625000001      ,   1.1867375792350272E-004 ,   7.4850225406328989E-004
   4.67000008     , -0.46338750000000001      ,   1.1216692699850347E-004 ,   7.6522929493795121E-004
   4.65999985     , -0.46585937500000002      ,   1.1719353760715781E-004 ,   7.8202929726609016E-004
   4.65000010     , -0.46525390625000002      ,   1.1148492654650283E-004 ,   7.9897902003774426E-004
   4.63999987     , -0.46714375000000002      ,   1.1655701333798176E-004 ,   8.1578956268159048E-004
   4.63000011     , -0.46687812499999998      ,   1.1642343601351892E-004 ,   8.3273251767883056E-004
   4.61999989     , -0.47007734374999999      ,   1.1870144317154601E-004 ,   8.4958322387895205E-004
   4.61000013     , -0.47162890624999998      ,   1.1980593396090630E-004 ,   8.6672318661658559E-004
   4.59999990     , -0.47228281249999998      ,   1.1550245511911430E-004 ,   8.8394110538603341E-004
   4.59000015     , -0.47313203124999997      ,   1.1431302003803834E-004 ,   9.0115266970489918E-004
   4.57999992     , -0.47396562500000000      ,   1.1767523899707539E-004 ,   9.1841406525080540E-004
   4.57000017     , -0.47579765624999998      ,   1.2116481759342435E-004 ,   9.3573579575320317E-004
   4.55999994     , -0.47561406249999999      ,   1.1539771030050123E-004 ,   9.5318924945657184E-004
   4.55000019     , -0.47631796874999999      ,   1.1991124314317760E-004 ,   9.7058136636770688E-004
   4.53999996     , -0.47962343750000003      ,   1.2289321206825532E-004 ,   9.8804599805847127E-004
   4.53000021     , -0.48066640625000001      ,   1.2020158331914717E-004 ,   1.0058182198074955E-003
   4.51999998     , -0.48186406250000002      ,   1.2028709862659052E-004 ,   1.0236637577005394E-003
   4.51000023     , -0.48223359375000002      ,   1.2505908019355439E-004 ,   1.0416248572060873E-003
   4.50000000     , -0.48284609374999998      ,   1.1993408747609258E-004 ,   1.0595877212837370E-003
   4.48999977     , -0.48449453125000003      ,   1.2441247312954614E-004 ,   1.0776093472223151E-003
   4.48000002     , -0.48582890625000003      ,   1.2463032337234543E-004 ,   1.0957963351833013E-003
   4.47000027     , -0.48772890624999998      ,   1.2317289430978961E-004 ,   1.1141104305297618E-003
   4.46000004     , -0.48835312500000000      ,   1.2616910136054678E-004 ,   1.1326216464086197E-003
   4.44999981     , -0.48962890625000000      ,   1.2649817669927951E-004 ,   1.1511968715328098E-003
   4.44000006     , -0.49170000000000003      ,   1.2494753302487677E-004 ,   1.1699011221235575E-003
   4.42999983     , -0.49392109374999998      ,   1.2864725161140200E-004 ,   1.1888382762940738E-003
   4.42000008     , -0.49387656250000000      ,   1.3390205703736946E-004 ,   1.2080377491438009E-003
   4.40999985     , -0.49592421874999998      ,   1.3185440919707657E-004 ,   1.2272395216195756E-003
   4.40000010     , -0.49679843750000002      ,   1.3302499320620126E-004 ,   1.2466684476367615E-003
   4.38999987     , -0.49679765625000000      ,   1.3271954161073911E-004 ,   1.2661974017183087E-003
   4.38000011     , -0.50022578124999995      ,   1.2754380062063322E-004 ,   1.2857211977575394E-003
   4.36999989     , -0.49921093750000001      ,   1.3800436147380361E-004 ,   1.3056519151785633E-003
   4.36000013     , -0.50242656249999995      ,   1.3740207394627159E-004 ,   1.3255210951500685E-003
   4.34999990     , -0.50348124999999999      ,   1.3350786227927231E-004 ,   1.3457329417354595E-003
   4.34000015     , -0.50463359375000005      ,   1.3181870228299837E-004 ,   1.3660668838409537E-003
   4.32999992     , -0.50463828124999999      ,   1.3657725556828502E-004 ,   1.3865627597708160E-003
   4.32000017     , -0.50635703124999998      ,   1.4014479751545085E-004 ,   1.4071149915115507E-003
   4.30999994     , -0.50874843749999998      ,   1.3590647686949684E-004 ,   1.4278720763825205E-003
   4.30000019     , -0.51051953125000005      ,   1.3820083953866377E-004 ,   1.4489229253544925E-003
   4.28999996     , -0.51051875000000002      ,   1.3853422331323344E-004 ,   1.4702071127417479E-003
   4.28000021     , -0.51125937499999996      ,   1.4319703851438660E-004 ,   1.4915454888598525E-003
   4.26999998     , -0.51543515625000003      ,   1.4038652486160716E-004 ,   1.5130113274810584E-003
   4.26000023     , -0.51600312500000001      ,   1.4180343210888372E-004 ,   1.5349733413601424E-003
   4.25000000     , -0.51653125000000000      ,   1.5031812756219283E-004 ,   1.5570803275419143E-003
   4.23999977     , -0.51939687499999998      ,   1.4372238063709342E-004 ,   1.5792886625062856E-003
   4.23000002     , -0.52011562499999997      ,   1.4343804228409120E-004 ,   1.6018477288970009E-003
   4.22000027     , -0.52186328125000003      ,   1.4464692309796982E-004 ,   1.6245390116967902E-003
   4.21000004     , -0.52291015625000004      ,   1.4503204371265715E-004 ,   1.6474873451846467E-003
   4.19999981     , -0.52634921874999996      ,   1.4332137283580703E-004 ,   1.6706089860856249E-003
   4.19000006     , -0.52637656249999998      ,   1.5188951750068927E-004 ,   1.6942029907148401E-003
   4.17999983     , -0.53027031250000001      ,   1.5052890921388569E-004 ,   1.7178810500152262E-003
   4.17000008     , -0.52888437499999996      ,   1.4831465725519667E-004 ,   1.7420490108924014E-003
   4.15999985     , -0.53347343749999998      ,   1.4862543298309208E-004 ,   1.7661284985895360E-003
   4.15000010     , -0.53309765625000005      ,   1.5015486130791914E-004 ,   1.7908054439308239E-003
   4.13999987     , -0.53478984375000005      ,   1.5581618495381415E-004 ,   1.8155378255775552E-003
   4.13000011     , -0.53524453125000004      ,   1.5378079469174642E-004 ,   1.8405383283133319E-003
   4.11999989     , -0.53647265624999996      ,   1.5010922765000605E-004 ,   1.8656560419776217E-003
   4.11000013     , -0.54020468749999995      ,   1.5527025738988967E-004 ,   1.8910160507499287E-003
   4.09999990     , -0.53972031249999997      ,   1.5703140658878035E-004 ,   1.9169017100674210E-003
   4.09000015     , -0.54189921875000002      ,   1.5105675902781307E-004 ,   1.9427986115638772E-003
   4.07999992     , -0.54361250000000005      ,   1.6390992066088255E-004 ,   1.9690814794234620E-003
   4.07000017     , -0.54522265624999999      ,   1.5086594953745184E-004 ,   1.9956293967910666E-003
   4.05999994     , -0.54608671875000003      ,   1.6444926611345180E-004 ,   2.0224905021649447E-003
   4.05000019     , -0.54833750000000003      ,   1.5845344748982804E-004 ,   2.0495541386360049E-003
   4.03999996     , -0.55069999999999997      ,   1.6331359200449664E-004 ,   2.0769966719481293E-003
   4.03000021     , -0.55417656250000003      ,   1.7173950511635986E-004 ,   2.1048704252611371E-003
   4.01999998     , -0.55396718749999996      ,   1.6695231411788879E-004 ,   2.1332669740127580E-003
   4.01000023     , -0.55444531249999995      ,   1.6546435047104299E-004 ,   2.1617283854075925E-003
   4.00000000     , -0.55860390625000000      ,   1.7206935237884524E-004 ,   2.1903837813246584E-003
   3.99000001     , -0.55817031250000004      ,   1.7039920655998307E-004 ,   2.2196710659589925E-003
   3.98000002     , -0.56217109374999996      ,   1.7083239669100659E-004 ,   2.2490273570794687E-003
   3.97000003     , -0.56329140624999996      ,   1.6978921156997619E-004 ,   2.2790002047982823E-003
   3.96000004     , -0.56222734375000005      ,   1.6777828819802354E-004 ,   2.3092206780839638E-003
   3.95000005     , -0.56544765625000004      ,   1.7300614072214847E-004 ,   2.3394533295671028E-003
   3.94000006     , -0.56827343750000003      ,   1.7371001987371096E-004 ,   2.3702355888372546E-003
   3.93000007     , -0.56989531250000003      ,   1.7894755224728574E-004 ,   2.4015316924719081E-003
   3.92000008     , -0.56977343749999998      ,   1.7408682850767425E-004 ,   2.4331607218208711E-003
   3.90999985     , -0.57350703125000002      ,   1.7245571327502567E-004 ,   2.4648995818223663E-003
   3.90000010     , -0.57498281250000005      ,   1.7675166917289269E-004 ,   2.4972842817508733E-003
   3.88999987     , -0.57541249999999999      ,   1.8082595681109007E-004 ,   2.5300255265208620E-003
   3.88000011     , -0.57788828125000002      ,   1.8484203839081934E-004 ,   2.5629925189051550E-003
   3.86999989     , -0.58066093750000003      ,   1.8667068220514941E-004 ,   2.5964573678152422E-003
   3.86000013     , -0.58350312500000001      ,   1.8299611561569407E-004 ,   2.6304385646577482E-003
   3.84999990     , -0.58503515625000002      ,   1.8454837699493829E-004 ,   2.6649672905401747E-003
   3.84000015     , -0.58490234375000005      ,   1.8414603614087710E-004 ,   2.6998614070136559E-003
   3.82999992     , -0.58692968749999996      ,   1.9203453184939997E-004 ,   2.7349325293562193E-003
   3.82000017     , -0.59030703124999995      ,   1.9186072759114298E-004 ,   2.7704649263752272E-003
   3.80999994     , -0.59012578125000004      ,   1.9973425452436135E-004 ,   2.8066654959740421E-003
   3.80000019     , -0.59513828125000001      ,   1.9057240742149879E-004 ,   2.8430011593473027E-003
   3.78999996     , -0.59488125000000003      ,   1.9205344798785767E-004 ,   2.8802119470599319E-003
   3.77999997     , -0.59865234374999998      ,   1.9968801816993848E-004 ,   2.9175991855033487E-003
   3.76999998     , -0.59783046875000001      ,   1.9891019204180325E-004 ,   2.9557209684799991E-003
   3.75999999     , -0.60005703124999998      ,   1.9071463755860682E-004 ,   2.9938891205491297E-003
   3.75000000     , -0.60261250000000000      ,   1.9400061807934085E-004 ,   3.0325727952339038E-003
   3.74000001     , -0.60638593750000003      ,   1.9981301245495690E-004 ,   3.0718571461026962E-003
   3.73000002     , -0.60964687500000003      ,   2.0774864218989762E-004 ,   3.1119448713453342E-003
   3.72000003     , -0.60928828125000001      ,   2.1002019693558714E-004 ,   3.1527504051860810E-003
   3.71000004     , -0.61190468750000004      ,   2.0040462303387948E-004 ,   3.1936795035238108E-003
   3.70000005     , -0.61482968750000000      ,   2.0850979603128853E-004 ,   3.2352395956179920E-003
   3.69000006     , -0.61703203124999995      ,   2.0634694655915047E-004 ,   3.2774778520592643E-003
   3.68000007     , -0.61933359374999997      ,   2.0658671803446804E-004 ,   3.3202772122005908E-003
   3.67000008     , -0.61931015624999997      ,   2.0627954849598796E-004 ,   3.3636573636654358E-003
   3.66000009     , -0.62370937500000001      ,   2.1568663328823558E-004 ,   3.4073055100145651E-003
   3.65000010     , -0.62528046874999998      ,   2.1716769256071384E-004 ,   3.4519095469948253E-003
   3.63999987     , -0.62888906249999998      ,   2.1614146280406055E-004 ,   3.4970113048512271E-003
   3.63000011     , -0.62991718750000003      ,   2.2677373355547878E-004 ,   3.5429775290787874E-003
   3.61999989     , -0.63048828125000000      ,   2.1432887891611416E-004 ,   3.5893382974210553E-003
   3.61000013     , -0.63342578125000004      ,   2.2657995957489741E-004 ,   3.6360736240339721E-003
   3.59999990     , -0.63546640624999995      ,   2.2144438974620311E-004 ,   3.6835635423771518E-003
   3.59000015     , -0.64006484374999995      ,   2.2216617570329486E-004 ,   3.7316629564006234E-003
   3.57999992     , -0.63939218750000004      ,   2.2201753186783219E-004 ,   3.7808076693564398E-003
   3.57000017     , -0.64389296875000002      ,   2.2916771580017546E-004 ,   3.8301436394295881E-003
   3.55999994     , -0.64839609374999996      ,   2.3240092744146679E-004 ,   3.8805635625912545E-003
   3.55000019     , -0.64554687499999996      ,   2.3296417193605749E-004 ,   3.9320590514652001E-003
   3.53999996     , -0.65030937499999997      ,   2.3868269208251919E-004 ,   3.9833800265644415E-003
   3.53000021     , -0.65281953125000003      ,   2.3469766495397119E-004 ,   4.0358371256003145E-003
   3.51999998     , -0.65656875000000003      ,   2.3652912310713681E-004 ,   4.0890559318445541E-003
   3.50999999     , -0.65903437499999995      ,   2.3729095105501323E-004 ,   4.1432693664251782E-003
   3.50000000     , -0.65984374999999995      ,   2.4615654644094694E-004 ,   4.1982865991917803E-003
   3.49000001     , -0.66275234375000003      ,   2.3993144121926105E-004 ,   4.2537743165861792E-003
   3.48000002     , -0.66590937500000003      ,   2.3843099273273337E-004 ,   4.3101202016844571E-003
   3.47000003     , -0.66822499999999996      ,   2.5688061687620937E-004 ,   4.3674616168411532E-003
   3.46000004     , -0.67135703125000001      ,   2.5566314425129705E-004 ,   4.4256145634127770E-003
   3.45000005     , -0.67271484375000001      ,   2.4837573336990653E-004 ,   4.4846890282479136E-003
   3.44000006     , -0.67605234375000001      ,   2.5370492745974501E-004 ,   4.5443989290268189E-003
   3.43000007     , -0.67934453125000005      ,   2.5529056929096911E-004 ,   4.6051433084040149E-003
   3.42000008     , -0.68117578125000000      ,   2.5431916984963249E-004 ,   4.6669074832607089E-003
   3.41000009     , -0.68319453124999996      ,   2.5297214198036303E-004 ,   4.7294179687590275E-003
   3.40000010     , -0.68392031249999996      ,   2.6445460335076839E-004 ,   4.7927571762044208E-003
   3.38999987     , -0.68813515624999999      ,   2.6357560287327652E-004 ,   4.8566711793589373E-003
   3.38000011     , -0.69179609374999995      ,   2.7378392076780298E-004 ,   4.9218770490640088E-003
   3.36999989     , -0.69453515624999995      ,   2.7178780196171546E-004 ,   4.9882711367723763E-003
   3.36000013     , -0.69605312500000005      ,   2.7874383209462299E-004 ,   5.0556770042252197E-003
   3.34999990     , -0.70099609375000005      ,   2.6791292667115130E-004 ,   5.1238196509433955E-003
   3.34000015     , -0.70516015624999995      ,   2.7742822822548970E-004 ,   5.1934662318941791E-003
   3.32999992     , -0.70574296874999998      ,   2.8178559285367143E-004 ,   5.2644945519285018E-003
   3.32000017     , -0.70719218750000001      ,   2.9208415657286195E-004 ,   5.3361491710836682E-003
   3.30999994     , -0.70959218749999997      ,   2.8798932840797805E-004 ,   5.4086018750721847E-003
   3.30000019     , -0.71399218750000004      ,   2.9977461058661745E-004 ,   5.4820983748275383E-003
   3.28999996     , -0.71822734374999997      ,   3.0287614378868131E-004 ,   5.5571126147678090E-003
   3.28000021     , -0.71974062500000002      ,   2.8185027571429807E-004 ,   5.6335074780395735E-003
   3.26999998     , -0.72357265625000000      ,   2.9092338457446663E-004 ,   5.7107570119840044E-003
   3.25999999     , -0.72651015625000004      ,   2.8659983396188182E-004 ,   5.7894219495970602E-003
   3.25000000     , -0.73116953124999995      ,   3.0066688634424409E-004 ,   5.8693557037967766E-003
   3.24000001     , -0.73306953124999996      ,   3.0971682836056441E-004 ,   5.9509937011827333E-003
   3.23000002     , -0.73581953124999999      ,   3.1156169318831211E-004 ,   6.0336623438522414E-003
   3.22000003     , -0.74029374999999997      ,   3.0667888491178052E-004 ,   6.1175513204780839E-003
   3.21000004     , -0.74416015624999998      ,   3.1839495365876210E-004 ,   6.2031553421412590E-003
   3.20000005     , -0.74229374999999997      ,   3.1836339855193831E-004 ,   6.2903109044231183E-003
   3.19000006     , -0.74632656249999996      ,   3.1947303943147650E-004 ,   6.3776116853565138E-003
   3.18000007     , -0.75180234374999999      ,   3.1181697893829764E-004 ,   6.4665210749442438E-003
   3.17000008     , -0.75701328125000000      ,   3.2620807643544487E-004 ,   6.5575101581677731E-003
   3.16000009     , -0.75798281249999999      ,   3.2492788555752084E-004 ,   6.6505013982024125E-003
   3.15000010     , -0.76100781250000005      ,   3.4740805407719591E-004 ,   6.7444804715746532E-003
   3.13999987     , -0.76431640624999997      ,   3.3376871901763739E-004 ,   6.8399183998157581E-003
   3.13000011     , -0.77068671875000005      ,   3.4983193305639944E-004 ,   6.9369716638817778E-003
   3.11999989     , -0.77099609375000000      ,   3.3149054081777423E-004 ,   7.0364093584837266E-003
   3.11000013     , -0.77387421874999995      ,   3.5560512727043361E-004 ,   7.1366868753356127E-003
   3.09999990     , -0.78016328125000001      ,   3.6369401321644716E-004 ,   7.2385753636394290E-003
   3.09000015     , -0.78367343749999996      ,   3.6088142360710237E-004 ,   7.3429747231491364E-003
   3.07999992     , -0.78542265624999996      ,   3.5217643696076444E-004 ,   7.4491004375631257E-003
   3.07000017     , -0.78938906249999996      ,   3.5893423592961953E-004 ,   7.5565131493265164E-003
   3.05999994     , -0.79356484375000003      ,   3.7209982468095393E-004 ,   7.6659353885706509E-003
   3.05000019     , -0.80092812499999999      ,   3.9316897769014071E-004 ,   7.7775087345742311E-003
   3.03999996     , -0.79954062500000000      ,   3.7226374069835639E-004 ,   7.8920813055264865E-003
   3.03000021     , -0.80401406249999996      ,   3.7718063691799547E-004 ,   8.0070411872955882E-003
   3.01999998     , -0.80972578125000005      ,   3.7061672886699686E-004 ,   8.1242322962008715E-003
   3.00999999     , -0.81370859375000004      ,   3.7895690962937541E-004 ,   8.2441026858888992E-003
   3.00000000     , -0.81728281250000001      ,   3.8217241318543700E-004 ,   8.3661563701745122E-003
   2.99000001     , -0.82127656250000003      ,   3.8347586537893142E-004 ,   8.4902893920134649E-003
   2.98000002     , -0.82404296875000005      ,   3.9793156297923189E-004 ,   8.6166993405550427E-003
   2.97000003     , -0.82787421875000000      ,   4.0408355699990606E-004 ,   8.7450275177009436E-003
   2.96000004     , -0.83319218750000001      ,   4.2757643228781301E-004 ,   8.8757071094896032E-003
   2.95000005     , -0.83826328125000005      ,   4.2606521264819646E-004 ,   9.0092174051619733E-003
   2.94000006     , -0.84100703124999998      ,   4.2456969952725445E-004 ,   9.1454832413669241E-003
   2.93000007     , -0.84523828125000000      ,   4.3570050259040134E-004 ,   9.2837805679958727E-003
   2.92000008     , -0.85260234374999999      ,   4.3359080883455193E-004 ,   9.4246495315435785E-003
   2.91000009     , -0.85603125000000002      ,   4.3201620006235396E-004 ,   9.5692440685721959E-003
   2.90000010     , -0.86271249999999999      ,   4.3063237305136624E-004 ,   9.7161964782065281E-003
   2.89000010     , -0.86780156249999996      ,   4.4705540827028929E-004 ,   9.8668133987987478E-003
   2.88000011     , -0.86680859374999997      ,   4.4108535465130222E-004 ,   1.0020496276529997E-002
   2.87000012     , -0.87667734374999995      ,   4.6615615762479929E-004 ,   1.0175088785180123E-002
   2.86000013     , -0.87796874999999996      ,   4.6811769615989128E-004 ,   1.0334749169500406E-002
   2.85000014     , -0.88201874999999996      ,   4.8991086925282605E-004 ,   1.0496240077255531E-002
   2.84000015     , -0.89227109375000002      ,   4.7016537473870755E-004 ,   1.0660591959371881E-002
   2.83000016     , -0.89473984375000004      ,   4.8931029552683593E-004 ,   1.0830419973429080E-002
   2.81999993     , -0.89611406250000003      ,   4.7347876971091008E-004 ,   1.1002547054455018E-002
   2.80999994     , -0.90678437499999998      ,   5.0597259786248590E-004 ,   1.1176715000838944E-002
   2.79999995     , -0.90562734374999998      ,   4.8707687466158494E-004 ,   1.1356734898511214E-002
   2.78999996     , -0.91165781250000000      ,   4.9492222254445049E-004 ,   1.1537678424183361E-002
   2.77999997     , -0.91910703125000004      ,   5.1347292787808215E-004 ,   1.1722782157007032E-002
   2.76999998     , -0.92423203124999997      ,   5.0800897074696806E-004 ,   1.1912652326931908E-002
   2.75999999     , -0.92669687499999998      ,   5.3673265096652227E-004 ,   1.2106432493436839E-002
   2.75000000     , -0.93599374999999996      ,   5.7440464551203243E-004 ,   1.2303102401673881E-002
   2.74000001     , -0.93848750000000003      ,   5.4457364431046817E-004 ,   1.2505607333941311E-002
   2.73000002     , -0.94651718750000002      ,   5.4075047563675654E-004 ,   1.2710861579247406E-002
   2.72000003     , -0.95040937500000000      ,   5.7539205065449490E-004 ,   1.2921729915564594E-002
   2.71000004     , -0.95578359374999999      ,   5.6862266717584817E-004 ,   1.3136226304116311E-002
   2.70000005     , -0.96429921875000002      ,   5.7751639209313338E-004 ,   1.3355129259787010E-002
   2.69000006     , -0.96786718750000000      ,   5.7281263146880586E-004 ,   1.3580091268980153E-002
   2.68000007     , -0.97949296875000003      ,   6.0677096482441564E-004 ,   1.3808874263055566E-002
   2.67000008     , -0.98296796875000003      ,   5.4661616939596209E-004 ,   1.4045374784331327E-002
   2.66000009     , -0.98980937499999999      ,   6.3092696517597037E-004 ,   1.4285873889069718E-002
   2.65000010     , -0.99472656250000002      ,   6.3212403320878378E-004 ,   1.4532195082816984E-002
   2.64000010     ,  -1.0009039062500000      ,   6.8097655778099654E-004 ,   1.4783415833527404E-002
   2.63000011     ,  -1.0152320312500001      ,   6.7310317040535463E-004 ,   1.5040244129006730E-002
   2.62000012     ,  -1.0221609375000000      ,   6.8599645082585009E-004 ,   1.5307400145178165E-002
   2.61000013     ,  -1.0203875000000000      ,   6.3523734932025629E-004 ,   1.5580574597430346E-002
   2.60000014     ,  -1.0273429687500000      ,   6.7225569683909952E-004 ,   1.5854945083726878E-002
   2.59000015     ,  -1.0312320312500001      ,   7.0993829617947929E-004 ,   1.6135948074697544E-002
   2.58000016     ,  -1.0426328125000000      ,   7.0606480261520342E-004 ,   1.6421728069962224E-002
   2.57000017     ,  -1.0465054687499999      ,   7.4492844323715212E-004 ,   1.6717025484828951E-002
   2.55999994     ,  -1.0549343750000000      ,   7.3912275433541102E-004 ,   1.7017297345247203E-002
   2.54999995     ,  -1.0612265624999999      ,   7.6953047400769522E-004 ,   1.7325567514037563E-002
   2.53999996     ,  -1.0720921875000000      ,   7.4709129264989051E-004 ,   1.7640492919097250E-002
   2.52999997     ,  -1.0814484375000000      ,   8.0971231368175589E-004 ,   1.7965496836809727E-002
   2.51999998     ,  -1.0906914062499999      ,   7.9522533191409939E-004 ,   1.8299648521562118E-002
   2.50999999     ,  -1.1004960937499999      ,   8.6267291420809788E-004 ,   1.8643277049360168E-002
   2.50000000     ,  -1.1069242187499999      ,   8.4929246548446366E-004 ,   1.8996813285609239E-002
   2.49000001     ,  -1.1184546875000001      ,   8.9596180533338952E-004 ,   1.9358110260917116E-002
   2.48000002     ,  -1.1227835937499999      ,   8.9506519007026672E-004 ,   1.9731003762513865E-002
   2.47000003     ,  -1.1380656250000001      ,   9.4877135637820456E-004 ,   2.0110539752684800E-002
   2.46000004     ,  -1.1431429687500001      ,   9.7193381532979697E-004 ,   2.0505223740579271E-002
   2.45000005     ,  -1.1543109375000000      ,   1.0058297397696153E-003 ,   2.0907374187679104E-002
   2.44000006     ,  -1.1640585937500001      ,   1.0384049235499029E-003 ,   2.1322058682379439E-002
   2.43000007     ,  -1.1818968750000001      ,   1.1545103715448269E-003 ,   2.1748809996447356E-002
   2.42000008     ,  -1.1876398437500000      ,   1.1355903009967676E-003 ,   2.2194386873736358E-002
   2.41000009     ,  -1.1984367187500000      ,   1.2104458085518881E-003 ,   2.2648818434676206E-002
   2.40000010     ,  -1.2159828125000001      ,   1.1782554850925506E-003 ,   2.3116605967478138E-002
   2.39000010     ,  -1.2242375000000001      ,   1.2589277959601975E-003 ,   2.3604496578312543E-002
   2.38000011     ,  -1.2398562500000001      ,   1.4536810326789083E-003 ,   2.4105075072772649E-002
   2.37000012     ,  -1.2578867187500000      ,   1.4398982541719064E-003 ,   2.4625136085664707E-002
   2.36000013     ,  -1.2709593749999999      ,   1.5088357159629162E-003 ,   2.5167520573298741E-002
   2.35000014     ,  -1.2845109374999999      ,   1.5798447237030443E-003 ,   2.5727982370646638E-002
   2.34000015     ,  -1.3020210937500001      ,   1.6333173759168840E-003 ,   2.6307415553302717E-002
   2.33000016     ,  -1.3232093750000000      ,   1.7824144826826915E-003 ,   2.6911202828047796E-002
   2.32000017     ,  -1.3401687499999999      ,   1.7653502464851179E-003 ,   2.7543672340569252E-002
   2.30999994     ,  -1.3562828124999999      ,   1.7806929614160606E-003 ,   2.8200469893654045E-002
   2.29999995     ,  -1.3761664062500001      ,   1.7743044077962252E-003 ,   2.8881339133906388E-002
   2.28999996     ,  -1.3962007812499999      ,   1.8449210949728859E-003 ,   2.9592040996325852E-002
   2.27999997     ,  -1.4129367187499999      ,   1.7715562825319070E-003 ,   3.0333141494835691E-002
   2.26999998     ,  -1.4315320312499999      ,   1.7890447907520097E-003 ,   3.1101196146846248E-002
   2.25999999     ,  -1.4515132812500000      ,   1.7454719835523515E-003 ,   3.1899463062062275E-002
   2.25000000     ,  -1.4695734375000000      ,   1.7125963529411293E-003 ,   3.2730696533457046E-002
   2.24000001     ,  -1.4880000000000000      ,   1.6023809229356190E-003 ,   3.3592657663605072E-002
   2.23000002     ,  -1.5011757812500000      ,   1.6049044872153491E-003 ,   3.4487023289720038E-002
   2.22000003     ,  -1.5184835937500001      ,   1.4595564673794755E-003 ,   3.5405939350696150E-002
   2.21000004     ,  -1.5321093750000001      ,   1.4532080350777956E-003 ,   3.6356970870610045E-002
   2.20000005     ,  -1.5473710937500000      ,   1.3267455539926522E-003 ,   3.7334616487636529E-002
   2.19000006     ,  -1.5591218750000000      ,   1.3102918793951816E-003 ,   3.8342502278494422E-002
   2.18000007     ,  -1.5745507812499999      ,   1.2203723327177422E-003 ,   3.9375255900339794E-002
   2.17000008     ,  -1.5855468749999999      ,   1.1659892202283142E-003 ,   4.0439824013868989E-002
   2.16000009     ,  -1.5967117187500000      ,   1.1366192660243982E-003 ,   4.1529350989101224E-002
   2.15000010     ,  -1.6096273437499999      ,   1.1152710823963375E-003 ,   4.2644871434147462E-002
   2.14000010     ,  -1.6204593750000000      ,   1.0502748150870776E-003 ,   4.3789981349973923E-002
   2.13000011     ,  -1.6327992187500000      ,   9.8387478658004115E-004 ,   4.4961420262943461E-002
   2.12000012     ,  -1.6421703125000000      ,   9.8200904284346862E-004 ,   4.6162962352587600E-002
   2.11000013     ,  -1.6532351562500001      ,   9.6915016701537820E-004 ,   4.7389842330771724E-002
   2.10000014     ,  -1.6618234375000001      ,   9.2985543543082545E-004 ,   4.8645743443441615E-002
   2.09000015     ,  -1.6694249999999999      ,   9.5245982879316930E-004 ,   4.9926834445836149E-002
   2.08000016     ,  -1.6798898437500001      ,   9.0287233409089371E-004 ,   5.1231617897333520E-002
   2.07000017     ,  -1.6889804687500001      ,   8.8424170484330039E-004 ,   5.2566374980724605E-002
   2.06000018     ,  -1.7012695312499999      ,   8.3145709471754475E-004 ,   5.3929010595972778E-002
   2.04999995     ,  -1.7084187500000001      ,   7.5285589573016872E-004 ,   5.5326448966402153E-002
   2.03999996     ,  -1.7078750000000000      ,   7.7838501950107549E-004 ,   5.6749468075816906E-002
   2.02999997     ,  -1.7240984374999999      ,   7.1442670689167919E-004 ,   5.8183015912550727E-002
   2.01999998     ,  -1.7306281250000000      ,   7.4119010906666843E-004 ,   5.9662208407114899E-002
   2.00999999     ,  -1.7395804687500001      ,   7.2894555569047491E-004 ,   6.1167953106127861E-002
   2.00000000     ,  -1.7404914062500001      ,   7.3672512191758077E-004 ,   6.2706031696682013E-002
   1.99000001     ,  -1.7537046875000000      ,   6.4953848960558065E-004 ,   6.4259949852815232E-002
   1.98000002     ,  -1.7564039062500001      ,   6.7112109153402103E-004 ,   6.5856689585937447E-002
   1.97000003     ,  -1.7689562500000000      ,   6.6356059220563078E-004 ,   6.7474852914952588E-002
   1.96000004     ,  -1.7740656250000000      ,   6.1842480308713207E-004 ,   6.9136150630763171E-002
   1.95000005     ,  -1.7796929687500000      ,   6.4265684040673554E-004 ,   7.0825547727752194E-002
   1.94000006     ,  -1.7850312500000001      ,   6.1269235785731504E-004 ,   7.2544919923876891E-002
   1.93000007     ,  -1.7916578125000000      ,   6.0194475595405270E-004 ,   7.4294421507270447E-002
   1.92000008     ,  -1.7975468750000001      ,   5.9345204176031662E-004 ,   7.6077797074785555E-002
   1.91000009     ,  -1.8019882812500001      ,   5.4982790905054037E-004 ,   7.7894126290522447E-002
   1.90000010     ,  -1.8081468750000000      ,   5.7452718280473329E-004 ,   7.9741295089071865E-002
   1.89000010     ,  -1.8164632812499999      ,   5.6512649060479886E-004 ,   8.1624058231460656E-002
   1.88000011     ,  -1.8205640624999999      ,   5.3461129289334428E-004 ,   8.3548156427332640E-002
   1.87000012     ,  -1.8259749999999999      ,   4.9372977889838008E-004 ,   8.5504745799349788E-002
   1.86000013     ,  -1.8293601562499999      ,   5.1318949770359789E-004 ,   8.7498051221782475E-002
   1.85000014     ,  -1.8342351562500001      ,   4.7269062718281903E-004 ,   8.9524213695059737E-002
   1.84000015     ,  -1.8404968749999999      ,   4.8032203417429803E-004 ,   9.1587745297372944E-002
   1.83000016     ,  -1.8461414062499999      ,   4.5580624942064647E-004 ,   9.3692958357263809E-002
   1.82000017     ,  -1.8503062500000000      ,   4.2286690056198478E-004 ,   9.5839321992152976E-002
   1.81000018     ,  -1.8546953125000001      ,   4.6236062337408606E-004 ,   9.8024659183769444E-002
   1.80000019     ,  -1.8606140625000001      ,   4.0355434867839668E-004 ,  0.10025034990731940     
   1.78999996     ,  -1.8627484375000001      ,   4.2872911011258450E-004 ,  0.10252138096809994     
   1.77999997     ,  -1.8688109374999999      ,   4.1099749537831120E-004 ,  0.10482955450185011     
   1.76999998     ,  -1.8739406249999999      ,   3.9776031539870334E-004 ,  0.10718569711828943     
   1.75999999     ,  -1.8758906250000000      ,   3.9378873019600919E-004 ,  0.10958875284090221     
   1.75000000     ,  -1.8816593749999999      ,   3.4596052831396774E-004 ,  0.11203183480476879     
   1.74000001     ,  -1.8828640624999999      ,   3.9631031760801522E-004 ,  0.11452604847328385     
   1.73000002     ,  -1.8886687499999999      ,   3.5175617735744524E-004 ,  0.11706096211350590     
   1.72000003     ,  -1.8902187500000001      ,   3.3794411559520720E-004 ,  0.11964946790802439     
   1.71000004     ,  -1.8949546875000001      ,   3.5891076715973465E-004 ,  0.12228221266787190     
   1.70000005     ,  -1.8964156249999999      ,   3.4493989002802800E-004 ,  0.12496871104697428     
   1.69000006     ,  -1.8996203125000000      ,   3.4017950467301586E-004 ,  0.12770177126464333     
   1.68000007     ,  -1.9055750000000000      ,   3.1213123094549889E-004 ,  0.13048730430457933     
   1.67000008     ,  -1.9070539062500000      ,   3.1119768221609274E-004 ,  0.13333410600165782     
   1.66000009     ,  -1.9109664062500000      ,   3.0244020641582065E-004 ,  0.13623184713093900     
   1.65000010     ,  -1.9146328125000001      ,   2.9365184344089067E-004 ,  0.13918856743783384     
   1.64000010     ,  -1.9174039062499999      ,   2.9809830303457660E-004 ,  0.14220526500285036     
   1.63000011     ,  -1.9200531249999999      ,   2.7357773484069751E-004 ,  0.14528107119726455     
   1.62000012     ,  -1.9224687499999999      ,   2.6728628803803205E-004 ,  0.14841729701849610     
   1.61000013     ,  -1.9263914062500000      ,   2.5569608544099784E-004 ,  0.15161507539259605     
   1.60000014     ,  -1.9291492187499999      ,   2.3696664031550488E-004 ,  0.15488032488527298     
   1.59000015     ,  -1.9305062500000001      ,   2.5984097455000044E-004 ,  0.15821175546976476     
   1.58000016     ,  -1.9334695312500001      ,   2.4905724834364102E-004 ,  0.16160722437828393     
   1.57000017     ,  -1.9350343750000001      ,   2.4705743782943527E-004 ,  0.16507319069763493     
   1.56000018     ,  -1.9383960937500000      ,   2.1893982202605118E-004 ,  0.16860746426284401     
   1.55000019     ,  -1.9401390624999999      ,   2.2380631011732470E-004 ,  0.17221746517251674     
   1.53999996     ,  -1.9436382812499999      ,   2.0468048620081222E-004 ,  0.17590050902568397     
   1.52999997     ,  -1.9457078125000000      ,   2.0262243836651205E-004 ,  0.17966395750407901     
   1.51999998     ,  -1.9467429687500000      ,   2.0837979908515890E-004 ,  0.18350585155288685     
   1.50999999     ,  -1.9481609375000000      ,   2.0153745113841897E-004 ,  0.18742537608026302     
   1.50000000     ,  -1.9512867187500000      ,   1.8652572760166430E-004 ,  0.19142596715740934     
   1.49000001     ,  -1.9531757812499999      ,   1.9548534775686862E-004 ,  0.19551527536741511     
   1.48000002     ,  -1.9542578125000001      ,   1.7840397882701528E-004 ,  0.19969211639452605     
   1.47000003     ,  -1.9572375000000000      ,   1.7787735620281104E-004 ,  0.20395648855990561     
   1.46000004     ,  -1.9585921875000001      ,   1.6403498871232853E-004 ,  0.20831705952853832     
   1.45000005     ,  -1.9601187499999999      ,   1.6244543368850454E-004 ,  0.21277147781811850     
   1.44000006     ,  -1.9618406250000000      ,   1.6095126612912026E-004 ,  0.21732321702440627     
   1.43000007     ,  -1.9635632812499999      ,   1.5165772266829405E-004 ,  0.22197578586521610     
   1.42000008     ,  -1.9645968750000000      ,   1.4841376362803842E-004 ,  0.22673229983084592     
   1.41000009     ,  -1.9669539062500001      ,   1.4465634265233129E-004 ,  0.23159366278499702     
   1.40000010     ,  -1.9677875000000000      ,   1.4432077756223397E-004 ,  0.23656752046938317     
   1.39000010     ,  -1.9691453125000000      ,   1.4056437392982751E-004 ,  0.24165221258747674     
   1.38000011     ,  -1.9712656250000000      ,   1.2317972218712882E-004 ,  0.24685290032598262     
   1.37000012     ,  -1.9724187500000001      ,   1.2339953775913220E-004 ,  0.25217590483326652     
   1.36000013     ,  -1.9731828124999999      ,   1.2222397513449626E-004 ,  0.25762172279699758     
   1.35000014     ,  -1.9749398437500001      ,   1.1913693271408440E-004 ,  0.26319283790416853     
   1.34000015     ,  -1.9758210937500000      ,   1.1336995368296338E-004 ,  0.26889681224571005     
   1.33000016     ,  -1.9770789062500000      ,   1.0694627464130375E-004 ,  0.27473472969288293     
   1.32000017     ,  -1.9779890625000001      ,   1.0574159649167715E-004 ,  0.28071220295171767     
   1.31000018     ,  -1.9788468749999999      ,   1.0540403102467894E-004 ,  0.28683259198423633     
   1.30000019     ,  -1.9803140625000000      ,   9.7013655156807753E-005 ,  0.29310035911986948     
   1.29000020     ,  -1.9811539062500001      ,   9.7813890482611253E-005 ,  0.29952256896443996     
   1.27999997     ,  -1.9818390625000000      ,   9.3334721028835201E-005 ,  0.30610204806109148     
   1.26999998     ,  -1.9827312500000001      ,   8.9569126811757149E-005 ,  0.31284325016985970     
   1.25999999     ,  -1.9840476562500000      ,   8.6616196114613873E-005 ,  0.31975256396980722     
   1.25000000     ,  -1.9847914062500001      ,   8.0848017831877490E-005 ,  0.32683720759990376     
   1.24000001     ,  -1.9852328125000001      ,   7.9550688914494538E-005 ,  0.33410089374305818     
   1.23000002     ,  -1.9865156250000000      ,   7.2497611194480003E-005 ,  0.34154853375914696     
   1.22000003     ,  -1.9872546874999999      ,   7.1025908467133679E-005 ,  0.34918990452623649     
   1.21000004     ,  -1.9878390625000000      ,   6.8697223918023239E-005 ,  0.35702946908963085     
   1.20000005     ,  -1.9888093750000000      ,   6.3075179343116911E-005 ,  0.36507355734369895     
   1.19000006     ,  -1.9890507812500000      ,   6.3765490887152416E-005 ,  0.37333089055695651     
   1.18000007     ,  -1.9903742187500000      ,   5.5980137798799128E-005 ,  0.38180603406604402     
   1.17000008     ,  -1.9904734374999999      ,   5.7399686190687717E-005 ,  0.39051136779128143     
   1.16000009     ,  -1.9911992187500001      ,   5.0645550398616847E-005 ,  0.39944983819893315     
   1.15000010     ,  -1.9920312499999999      ,   4.9552690860592661E-005 ,  0.40863271902504389     
   1.14000010     ,  -1.9920289062500001      ,   5.1319959299095287E-005 ,  0.41806944542447788     
   1.13000011     ,  -1.9930718750000000      ,   4.5882029657428489E-005 ,  0.42776549153293392     
   1.12000012     ,  -1.9928273437499999      ,   4.7685764559460178E-005 ,  0.43773537906530890     
   1.11000013     ,  -1.9938312499999999      ,   3.9884208813641752E-005 ,  0.44798337996524601     
   1.10000014     ,  -1.9939070312500000      ,   4.0868627537203702E-005 ,  0.45852591115884284     
   1.09000015     ,  -1.9943124999999999      ,   3.8761037577206934E-005 ,  0.46936965110417944     
   1.08000016     ,  -1.9944867187499999      ,   3.8332070615332759E-005 ,  0.48052788156851156     
   1.07000017     ,  -1.9951500000000000      ,   3.3543329990536341E-005 ,  0.49201165361258176     
   1.06000018     ,  -1.9954265625000001      ,   3.3386092179369547E-005 ,  0.50383609365414583     
   1.05000019     ,  -1.9956624999999999      ,   3.2676796981031087E-005 ,  0.51601269980478059     
   1.04000020     ,  -1.9958078125000001      ,   3.1113495709272829E-005 ,  0.52855531167550940     
   1.02999997     ,  -1.9962929687500000      ,   2.7620856491053515E-005 ,  0.54147845769449976     
   1.01999998     ,  -1.9965281250000000      ,   2.6792851559186640E-005 ,  0.55479870731403869     
   1.00999999     ,  -1.9967734374999999      ,   2.5723856932048041E-005 ,  0.56853143970478959     
   1.00000000     ,  -1.9971539062500001      ,   2.3250458373702543E-005 ,  0.58269361472236081     
