   5.00000000     , -0.43063750000000001      ,   1.5318351021740705E-003 ,   1.0567807715478511E-004
   4.98999977     , -0.42604999999999998      ,   1.5195782601775795E-003 ,   1.9491662128507271E-004
   4.98000002     , -0.43606250000000002      ,   1.5037670673960376E-003 ,   2.5449578822865019E-004
   4.96999979     , -0.42990000000000000      ,   1.5539056333415391E-003 ,   3.0564559276404158E-004
   4.96000004     , -0.43167499999999998      ,   1.5784850514435943E-003 ,   3.4946941960119356E-004
   4.94999981     , -0.44072499999999998      ,   1.5360898943081196E-003 ,   3.8931829060517533E-004
   4.94000006     , -0.43404999999999999      ,   1.5603091079100977E-003 ,   4.2702210531633458E-004
   4.92999983     , -0.43318750000000000      ,   1.5632520725994252E-003 ,   4.6066096150772131E-004
   4.92000008     , -0.43846249999999998      ,   1.6194003727224844E-003 ,   4.9331040004025380E-004
   4.90999985     , -0.43575000000000003      ,   1.6297066531050942E-003 ,   5.2541919993583975E-004
   4.90000010     , -0.43608750000000002      ,   1.6558998991193254E-003 ,   5.5605851361107924E-004
   4.88999987     , -0.43756250000000002      ,   1.5789925863627856E-003 ,   5.8497682885729385E-004
   4.88000011     , -0.44385000000000002      ,   1.6348559171620752E-003 ,   6.1323229411216226E-004
   4.86999989     , -0.43452499999999999      ,   1.6351300718235294E-003 ,   6.4128507189723958E-004
   4.86000013     , -0.44905000000000000      ,   1.6401647294799801E-003 ,   6.6791619426496485E-004
   4.84999990     , -0.44888749999999999      ,   1.7302255580212583E-003 ,   6.9620248091843229E-004
   4.84000015     , -0.44288749999999999      ,   1.6605712031788772E-003 ,   7.2374275187239983E-004
   4.82999992     , -0.44618750000000001      ,   1.6876999697426362E-003 ,   7.4983228399664562E-004
   4.82000017     , -0.44513750000000002      ,   1.6595334412784555E-003 ,   7.7545943121994185E-004
   4.80999994     , -0.44703749999999998      ,   1.6534147436956307E-003 ,   8.0052482454008751E-004
   4.80000019     , -0.44272499999999998      ,   1.6911842616583136E-003 ,   8.2540793724823172E-004
   4.78999996     , -0.44772499999999998      ,   1.6871225881261724E-003 ,   8.4975106495060798E-004
   4.78000021     , -0.45821250000000002      ,   1.7661887060060955E-003 ,   8.7485367266427300E-004
   4.76999998     , -0.45252500000000001      ,   1.7131413678986571E-003 ,   9.0034945165391993E-004
   4.76000023     , -0.45131250000000001      ,   1.7068909792608163E-003 ,   9.2471840448590077E-004
   4.75000000     , -0.45572499999999999      ,   1.7463590730612698E-003 ,   9.4907469748351848E-004
   4.73999977     , -0.45421250000000002      ,   1.7358848503460176E-003 ,   9.7343413796359478E-004
   4.73000002     , -0.45067499999999999      ,   1.7512053835445800E-003 ,   9.9750035619786516E-004
   4.71999979     , -0.45897500000000002      ,   1.7579281560126314E-003 ,   1.0212622392674908E-003
   4.71000004     , -0.44786250000000000      ,   1.7359543632593285E-003 ,   1.0450804925560124E-003
   4.69999981     , -0.45778750000000001      ,   1.7954312272514792E-003 ,   1.0682002680188027E-003
   4.69000006     , -0.45440000000000003      ,   1.8811722254685576E-003 ,   1.0925472725123108E-003
   4.67999983     , -0.45997500000000002      ,   1.7856719142645969E-003 ,   1.1159503888012628E-003
   4.67000008     , -0.45728750000000001      ,   1.8197064232369281E-003 ,   1.1396936571896647E-003
   4.65999985     , -0.47084999999999999      ,   1.8525116785463975E-003 ,   1.1633989070656539E-003
   4.65000010     , -0.46667500000000001      ,   1.7757285119648423E-003 ,   1.1879749594562530E-003
   4.63999987     , -0.46694999999999998      ,   1.8723444601872394E-003 ,   1.2123812237675731E-003
   4.63000011     , -0.46618749999999998      ,   1.8396868737792700E-003 ,   1.2365546408053614E-003
   4.61999989     , -0.46525000000000000      ,   1.8130604516370208E-003 ,   1.2604253334266052E-003
   4.61000013     , -0.47106250000000000      ,   1.9047806194466537E-003 ,   1.2847611381281681E-003
   4.59999990     , -0.47010000000000002      ,   1.9195885810987282E-003 ,   1.3094341448211973E-003
   4.59000015     , -0.46882499999999999      ,   1.8054543581048543E-003 ,   1.3332648013878344E-003
   4.57999992     , -0.47420000000000001      ,   1.8950606422241504E-003 ,   1.3573911280135935E-003
   4.57000017     , -0.47603750000000000      ,   1.9270058184120249E-003 ,   1.3822578364918086E-003
   4.55999994     , -0.47483750000000002      ,   1.9801227332730833E-003 ,   1.4073727085094950E-003
   4.55000019     , -0.47953750000000001      ,   1.9160216364584610E-003 ,   1.4321586183096617E-003
   4.53999996     , -0.47806250000000000      ,   1.9626007016295037E-003 ,   1.4574468437399506E-003
   4.53000021     , -0.48207499999999998      ,   1.9689044222103557E-003 ,   1.4827323176135933E-003
   4.51999998     , -0.48054999999999998      ,   2.0258479907422707E-003 ,   1.5083224406202795E-003
   4.51000023     , -0.47763749999999999      ,   1.9874874868725033E-003 ,   1.5338057110721977E-003
   4.50000000     , -0.48582500000000001      ,   2.0327472682315673E-003 ,   1.5591367855193417E-003
   4.48999977     , -0.48709999999999998      ,   1.9801258057882726E-003 ,   1.5850238554137102E-003
   4.48000002     , -0.48546250000000002      ,   2.0155025666702487E-003 ,   1.6110533809200001E-003
   4.47000027     , -0.48952499999999999      ,   1.9830480299035036E-003 ,   1.6367625983723950E-003
   4.46000004     , -0.49259999999999998      ,   2.0932949673267477E-003 ,   1.6632509995802632E-003
   4.44999981     , -0.49412499999999998      ,   1.9770949507821951E-003 ,   1.6896374223897706E-003
   4.44000006     , -0.49383749999999998      ,   2.1396392712244501E-003 ,   1.7167708767168331E-003
   4.42999983     , -0.49652499999999999      ,   2.0555258047475710E-003 ,   1.7437139299512651E-003
   4.42000008     , -0.49635000000000001      ,   2.0469381048391746E-003 ,   1.7708014046124015E-003
   4.40999985     , -0.49531249999999999      ,   2.1291796485944357E-003 ,   1.7981447842646400E-003
   4.40000010     , -0.49972499999999997      ,   2.0573145489231537E-003 ,   1.8252186547803419E-003
   4.38999987     , -0.50380000000000003      ,   2.1075448677506273E-003 ,   1.8529630280938985E-003
   4.38000011     , -0.49833749999999999      ,   2.1539904279386929E-003 ,   1.8812740311061917E-003
   4.36999989     , -0.49728749999999999      ,   2.1233643744967079E-003 ,   1.9088883594041049E-003
   4.36000013     , -0.50348749999999998      ,   2.2110305290584664E-003 ,   1.9367719269542752E-003
   4.34999990     , -0.50066250000000001      ,   2.1445384995818508E-003 ,   1.9650026374617414E-003
   4.34000015     , -0.50858749999999997      ,   2.1613244796726398E-003 ,   1.9930363188421672E-003
   4.32999992     , -0.50487499999999996      ,   2.2178626754345608E-003 ,   2.0218204068941405E-003
   4.32000017     , -0.50963749999999997      ,   2.2822505758031747E-003 ,   2.0509428615311477E-003
   4.30999994     , -0.50767499999999999      ,   2.2157419705695538E-003 ,   2.0802796194610207E-003
   4.30000019     , -0.51212500000000005      ,   2.1716897621553463E-003 ,   2.1091166261199184E-003
   4.28999996     , -0.51390000000000002      ,   2.2816202190652861E-003 ,   2.1389534096178746E-003
   4.28000021     , -0.51510000000000000      ,   2.2118359899188215E-003 ,   2.1688931716196519E-003
   4.26999998     , -0.51788749999999995      ,   2.2550860787360788E-003 ,   2.1989351574583701E-003
   4.26000023     , -0.51997499999999997      ,   2.3398098567964376E-003 ,   2.2297666144722159E-003
   4.25000000     , -0.52541249999999995      ,   2.4097916933919607E-003 ,   2.2617611446224466E-003
   4.23999977     , -0.52257500000000001      ,   2.3224073865204678E-003 ,   2.2933465455002512E-003
   4.23000002     , -0.52572500000000000      ,   2.3522304837076333E-003 ,   2.3251386619548911E-003
   4.22000027     , -0.52423750000000002      ,   2.3496218702489888E-003 ,   2.3568567319748380E-003
   4.21000004     , -0.52287499999999998      ,   2.4095996839846490E-003 ,   2.3887266734981725E-003
   4.19999981     , -0.53031249999999996      ,   2.3042835973905323E-003 ,   2.4204304152771650E-003
   4.19000006     , -0.52448750000000000      ,   2.3964898638325332E-003 ,   2.4527937918036881E-003
   4.17999983     , -0.53293749999999995      ,   2.5095097130727858E-003 ,   2.4857245565106699E-003
   4.17000008     , -0.52778749999999997      ,   2.4608302308749071E-003 ,   2.5190589685189506E-003
   4.15999985     , -0.53408750000000005      ,   2.3609453277587179E-003 ,   2.5519057037630419E-003
   4.15000010     , -0.53251250000000006      ,   2.4553615676875177E-003 ,   2.5852412980547045E-003
   4.13999987     , -0.53701250000000000      ,   2.4705898749782054E-003 ,   2.6190775739928502E-003
   4.13000011     , -0.53320000000000001      ,   2.4083512884804995E-003 ,   2.6529099277483974E-003
   4.11999989     , -0.53459999999999996      ,   2.5243731715565774E-003 ,   2.6869724831466548E-003
   4.11000013     , -0.53364999999999996      ,   2.4974055488866018E-003 ,   2.7213451208794553E-003
   4.09999990     , -0.53530000000000000      ,   2.5878850845568275E-003 ,   2.7559169487441373E-003
   4.09000015     , -0.54222499999999996      ,   2.5979780332368398E-003 ,   2.7911712205566704E-003
   4.07999992     , -0.53695000000000004      ,   2.5225241995411357E-003 ,   2.8265486203472531E-003
   4.07000017     , -0.55022499999999996      ,   2.6196738524628454E-003 ,   2.8623280505398196E-003
   4.05999994     , -0.54173749999999998      ,   2.5701310885995420E-003 ,   2.8992148770071672E-003
   4.05000019     , -0.55491250000000003      ,   2.6492390574508842E-003 ,   2.9361379804317819E-003
   4.03999996     , -0.54125000000000001      ,   2.4619408368773293E-003 ,   2.9731736541426606E-003
   4.03000021     , -0.55388749999999998      ,   2.6439831747047410E-003 ,   3.0095815851528948E-003
   4.01999998     , -0.55513749999999995      ,   2.6559721783029093E-003 ,   3.0475721989092638E-003
   4.01000023     , -0.56013749999999995      ,   2.7339620731096515E-003 ,   3.0862309713426211E-003
   4.00000000     , -0.56881250000000005      ,   2.7380856933593711E-003 ,   3.1261655654384350E-003
   3.99000001     , -0.55530000000000002      ,   2.7979392893389028E-003 ,   3.1667193136184456E-003
   3.98000002     , -0.55502499999999999      ,   2.7377821714788314E-003 ,   3.2059048370354287E-003
   3.97000003     , -0.56183749999999999      ,   2.8206886922761327E-003 ,   3.2457608910867576E-003
   3.96000004     , -0.56496250000000003      ,   2.7553805862968162E-003 ,   3.2864645565277256E-003
   3.95000005     , -0.57148750000000004      ,   2.8824311123538744E-003 ,   3.3277511291971516E-003
   3.94000006     , -0.57191250000000005      ,   2.8993955076201915E-003 ,   3.3702182024619421E-003
   3.93000007     , -0.56501250000000003      ,   2.8236926273155238E-003 ,   3.4125831714721250E-003
   3.92000008     , -0.57251249999999998      ,   2.9082669847238659E-003 ,   3.4544566437560965E-003
   3.90999985     , -0.57388749999999999      ,   2.8120835563389258E-003 ,   3.4972236029167871E-003
   3.90000010     , -0.57777500000000004      ,   2.8491399337372408E-003 ,   3.5404268206683234E-003
   3.88999987     , -0.57108749999999997      ,   2.8976381296406221E-003 ,   3.5841858526868111E-003
   3.88000011     , -0.59040000000000004      ,   3.0776731489720569E-003 ,   3.6287214879252585E-003
   3.86999989     , -0.57984999999999998      ,   2.9653319518109797E-003 ,   3.6750885929157438E-003
   3.86000013     , -0.57888750000000000      ,   2.9769704159580842E-003 ,   3.7201793858702135E-003
   3.84999990     , -0.58657499999999996      ,   3.0382499620551255E-003 ,   3.7654668440900529E-003
   3.84000015     , -0.58766249999999998      ,   3.1082664472638693E-003 ,   3.8124219206328073E-003
   3.82999992     , -0.59043749999999995      ,   3.0568473157375447E-003 ,   3.8598978271722046E-003
   3.82000017     , -0.58855000000000002      ,   3.1061426059706856E-003 ,   3.9077627611335472E-003
   3.80999994     , -0.59233749999999996      ,   3.2259146199399066E-003 ,   3.9562121850975985E-003
   3.80000019     , -0.60043749999999996      ,   3.1287193563506351E-003 ,   4.0052929857402123E-003
   3.78999996     , -0.60196249999999996      ,   3.2532095207058282E-003 ,   4.0556487565112948E-003
   3.77999997     , -0.59986249999999997      ,   3.2603029317275251E-003 ,   4.1067003685770383E-003
   3.76999998     , -0.60197500000000004      ,   3.3061629005235894E-003 ,   4.1575617620666335E-003
   3.75999999     , -0.60833749999999998      ,   3.2701813367259276E-003 ,   4.2095999545191005E-003
   3.75000000     , -0.60251250000000001      ,   3.2395404067512455E-003 ,   4.2620239129570383E-003
   3.74000001     , -0.61078750000000004      ,   3.2529059009552505E-003 ,   4.3141548807898054E-003
   3.73000002     , -0.60672499999999996      ,   3.2263508103402491E-003 ,   4.3672888476930741E-003
   3.72000003     , -0.61231250000000004      ,   3.3285414812441712E-003 ,   4.4206737478612573E-003
   3.71000004     , -0.60881249999999998      ,   3.3899096013277029E-003 ,   4.4752890398888695E-003
   3.70000005     , -0.61404999999999998      ,   3.3840006685113542E-003 ,   4.5295159272809643E-003
   3.69000006     , -0.62753749999999997      ,   3.5515605304882319E-003 ,   4.5858533939997824E-003
   3.68000007     , -0.61691249999999997      ,   3.3364698897908299E-003 ,   4.6432878688529178E-003
   3.67000008     , -0.63302499999999995      ,   3.4977316400250000E-003 ,   4.7001365832927567E-003
   3.66000009     , -0.62588750000000004      ,   3.5623861294809996E-003 ,   4.7595106051087745E-003
   3.65000010     , -0.62611249999999996      ,   3.4055061322772972E-003 ,   4.8180320980493914E-003
   3.63999987     , -0.63090000000000002      ,   3.6388746742363437E-003 ,   4.8776184840431730E-003
   3.63000011     , -0.63778749999999995      ,   3.7780186571277348E-003 ,   4.9387933322461537E-003
   3.61999989     , -0.63775000000000004      ,   3.9181687191650232E-003 ,   5.0021381536989665E-003
   3.61000013     , -0.65420000000000000      ,   3.7777280945376678E-003 ,   5.0659852208150063E-003
   3.59999990     , -0.63846250000000004      ,   3.5799466473315769E-003 ,   5.1308099503718204E-003
   3.59000015     , -0.63693750000000005      ,   3.6693605796328851E-003 ,   5.1939313118788142E-003
   3.57999992     , -0.64805000000000001      ,   3.8028633515495040E-003 ,   5.2579882238096417E-003
   3.57000017     , -0.65102499999999996      ,   3.8221813784462800E-003 ,   5.3239277968975991E-003
   3.55999994     , -0.65375000000000005      ,   4.0110443838173469E-003 ,   5.3918314455398296E-003
   3.55000019     , -0.64973749999999997      ,   3.8575991188013869E-003 ,   5.4594922815397731E-003
   3.53999996     , -0.65557500000000002      ,   3.8360159243023099E-003 ,   5.5269970211979623E-003
   3.53000021     , -0.65501250000000000      ,   4.0328664453822306E-003 ,   5.5963185991248663E-003
   3.51999998     , -0.66015000000000001      ,   4.2434898494321110E-003 ,   5.6671416042634055E-003
   3.50999999     , -0.66203749999999995      ,   4.0649478682894501E-003 ,   5.7388619534782864E-003
   3.50000000     , -0.66528750000000003      ,   4.0883583378454776E-003 ,   5.8112448167772198E-003
   3.49000001     , -0.67046249999999996      ,   4.2497237824013151E-003 ,   5.8854419775091985E-003
   3.48000002     , -0.66646249999999996      ,   3.9114430881004459E-003 ,   5.9593307157364628E-003
   3.47000003     , -0.67177500000000001      ,   4.4600255393407407E-003 ,   6.0347021691219338E-003
   3.46000004     , -0.67491250000000003      ,   4.1965330250550671E-003 ,   6.1112820180975625E-003
   3.45000005     , -0.68208749999999996      ,   4.2514373509018270E-003 ,   6.1887591286652159E-003
   3.44000006     , -0.67861249999999995      ,   4.1778476890673407E-003 ,   6.2677957692542233E-003
   3.43000007     , -0.68241249999999998      ,   4.4002622782271629E-003 ,   6.3470858556836781E-003
   3.42000008     , -0.68464999999999998      ,   4.4953464875487677E-003 ,   6.4281995958393560E-003
   3.41000009     , -0.69713749999999997      ,   4.7120570073781948E-003 ,   6.5117804023085571E-003
   3.40000010     , -0.68793749999999998      ,   4.4942655626765624E-003 ,   6.5965265833492250E-003
   3.38999987     , -0.70069999999999999      ,   4.8777380184540356E-003 ,   6.6820792356558347E-003
   3.38000011     , -0.69192500000000001      ,   4.6303668747600122E-003 ,   6.7693793277624238E-003
   3.36999989     , -0.69636250000000000      ,   4.7549881944281020E-003 ,   6.8559584058076771E-003
   3.36000013     , -0.69996250000000004      ,   4.6418689159320684E-003 ,   6.9432358257712073E-003
   3.34999990     , -0.69289999999999996      ,   4.4371437835979540E-003 ,   7.0307538586571261E-003
   3.34000015     , -0.70737499999999998      ,   4.5781642288899860E-003 ,   7.1182747693372293E-003
   3.32999992     , -0.71616250000000004      ,   4.9161936577868642E-003 ,   7.2111239739128417E-003
   3.32000017     , -0.70481249999999995      ,   4.7147845222787685E-003 ,   7.3049266815158201E-003
   3.30999994     , -0.71591249999999995      ,   5.0235783573367096E-003 ,   7.3985263328897729E-003
   3.30000019     , -0.72238749999999996      ,   5.1007989449717850E-003 ,   7.4958690002460511E-003
   3.28999996     , -0.71988750000000001      ,   4.9216236681033174E-003 ,   7.5941033836154264E-003
   3.28000021     , -0.71953750000000005      ,   4.9377983995529499E-003 ,   7.6919847966733790E-003
   3.26999998     , -0.73598750000000002      ,   5.1749925155317377E-003 ,   7.7913770612590971E-003
   3.25999999     , -0.72316250000000004      ,   4.9597482192554635E-003 ,   7.8938831680423552E-003
   3.25000000     , -0.74942500000000001      ,   5.6231940661410490E-003 ,   7.9985911081472578E-003
   3.24000001     , -0.75749999999999995      ,   5.8485093405353907E-003 ,   8.1107796443680019E-003
   3.23000002     , -0.75600000000000001      ,   5.5334205878535296E-003 ,   8.2234706151805854E-003
   3.22000003     , -0.76329999999999998      ,   5.9754562967983486E-003 ,   8.3386379500889739E-003
   3.21000004     , -0.74452499999999999      ,   5.4089231603770454E-003 ,   8.4535942363634601E-003
   3.20000005     , -0.74675000000000002      ,   5.4286560058593759E-003 ,   8.5645256688478312E-003
   3.19000006     , -0.77585000000000004      ,   6.0585186702574725E-003 ,   8.6807007438007462E-003
   3.18000007     , -0.76232500000000003      ,   5.9311120806689772E-003 ,   8.8035437708688328E-003
   3.17000008     , -0.76462500000000000      ,   5.7775459284136283E-003 ,   8.9223836312005804E-003
   3.16000009     , -0.77122500000000005      ,   6.2861895390621857E-003 ,   9.0452193275964692E-003
   3.15000010     , -0.78041249999999995      ,   6.1052131239599811E-003 ,   9.1706944751994268E-003
   3.13999987     , -0.77781250000000002      ,   6.1956490733762583E-003 ,   9.2989501611955658E-003
   3.13000011     , -0.78588749999999996      ,   6.3395738522085202E-003 ,   9.4284449569284820E-003
   3.11999989     , -0.78053750000000000      ,   6.1190338829802760E-003 ,   9.5591571670824733E-003
   3.11000013     , -0.80140000000000000      ,   6.4000358004695128E-003 ,   9.6909907680425116E-003
   3.09999990     , -0.80703749999999996      ,   6.4398102503252274E-003 ,   9.8294543823514244E-003
   3.09000015     , -0.78982500000000000      ,   6.2340507512251356E-003 ,   9.9684522878002151E-003
   3.07999992     , -0.80606250000000002      ,   6.6476706254783666E-003 ,   1.0106680976561658E-002
   3.07000017     , -0.82222499999999998      ,   7.0997883716071115E-003 ,   1.0252494520356417E-002
   3.05999994     , -0.80423750000000005      ,   6.5265715146520234E-003 ,   1.0400542696700777E-002
   3.05000019     , -0.80487500000000001      ,   7.1521063659372780E-003 ,   1.0547330723926862E-002
   3.03999996     , -0.82318749999999996      ,   6.8383715811088652E-003 ,   1.0695396450624527E-002
   3.03000021     , -0.83193750000000000      ,   7.7585820818590057E-003 ,   1.0853109359136498E-002
   3.01999998     , -0.83308749999999998      ,   7.4531128453767335E-003 ,   1.1013859574906370E-002
   3.00999999     , -0.85493750000000002      ,   7.9498466882040857E-003 ,   1.1178353868326824E-002
   3.00000000     , -0.84937499999999999      ,   7.8167974573967580E-003 ,   1.1350001469608035E-002
   2.99000001     , -0.83936250000000001      ,   7.3443111307031923E-003 ,   1.1518056764329217E-002
   2.98000002     , -0.86824999999999997      ,   8.3999658315288862E-003 ,   1.1689780554540768E-002
   2.97000003     , -0.86217500000000002      ,   8.0752330568135827E-003 ,   1.1870501441708651E-002
   2.96000004     , -0.86922500000000003      ,   8.3272920290389033E-003 ,   1.2051924079570633E-002
   2.95000005     , -0.87402500000000005      ,   8.5426950039259302E-003 ,   1.2238331696338898E-002
   2.94000006     , -0.86582499999999996      ,   7.6644720660153818E-003 ,   1.2423043917640259E-002
   2.93000007     , -0.88082499999999997      ,   8.4489337233555738E-003 ,   1.2609106866275813E-002
   2.92000008     , -0.87523750000000000      ,   8.4176909652233182E-003 ,   1.2801737864263177E-002
   2.91000009     , -0.88432500000000003      ,   8.0399795923191599E-003 ,   1.2992295146184298E-002
   2.90000010     , -0.89244999999999997      ,   9.1860718033406966E-003 ,   1.3192599907500994E-002
   2.89000010     , -0.89083749999999995      ,   8.9556390603165205E-003 ,   1.3397193239398803E-002
   2.88000011     , -0.91048750000000001      ,   9.5496478666335285E-003 ,   1.3605592116353935E-002
   2.87000012     , -0.92007499999999998      ,   8.5586031794697877E-003 ,   1.3819216093167695E-002
   2.86000013     , -0.91076250000000003      ,   9.8564492259919263E-003 ,   1.4040580979669735E-002
   2.85000014     , -0.94099999999999995      ,   1.0020612609653284E-002 ,   1.4264229112572928E-002
   2.84000015     , -0.93362500000000004      ,   1.0497975397226500E-002 ,   1.4502362100002367E-002
   2.83000016     , -0.93577500000000002      ,   1.0114936418124611E-002 ,   1.4738013785107902E-002
   2.81999993     , -0.97262499999999996      ,   1.1712539255349205E-002 ,   1.4984556897169319E-002
   2.80999994     , -0.93858750000000002      ,   1.0151519703183455E-002 ,   1.5241283925916893E-002
   2.79999995     , -0.97913749999999999      ,   1.1181828636187031E-002 ,   1.5489506007225607E-002
   2.78999996     , -0.96950000000000003      ,   1.1003928655324499E-002 ,   1.5755624149951419E-002
   2.77999997     , -0.96597500000000003      ,   1.0910463574858273E-002 ,   1.6018562473200503E-002
   2.76999998     , -0.96745000000000003      ,   1.1026208761207051E-002 ,   1.6282547644315016E-002
   2.75999999     , -0.97578750000000003      ,   1.0869011734419195E-002 ,   1.6547998562669974E-002
   2.75000000     , -0.97687500000000005      ,   1.1411932625924225E-002 ,   1.6822010790104057E-002
   2.74000001     ,  -1.0028250000000001      ,   1.1882519220146243E-002 ,   1.7102181000418864E-002
   2.73000002     ,  -1.0298375000000000      ,   1.2284171406656313E-002 ,   1.7398813215297192E-002
   2.72000003     ,  -1.0132874999999999      ,   1.1626352318149340E-002 ,   1.7707471444426141E-002
   2.71000004     ,  -1.0216750000000001      ,   1.2580532186006273E-002 ,   1.8012225648052087E-002
   2.70000005     ,  -1.0411375000000000      ,   1.3547545558209492E-002 ,   1.8330225842776528E-002
   2.69000006     ,  -1.0385249999999999      ,   1.2503740399487585E-002 ,   1.8655819214077898E-002
   2.68000007     ,  -1.0439750000000001      ,   1.2506344937628902E-002 ,   1.8981358595525223E-002
   2.67000008     ,  -1.0347625000000000      ,   1.3318609504184602E-002 ,   1.9313930931090482E-002
   2.66000009     ,  -1.0683000000000000      ,   1.3500062592372054E-002 ,   1.9648701092408183E-002
   2.65000010     ,  -1.0375749999999999      ,   1.2652721252773287E-002 ,   1.9997842539561200E-002
   2.64000010     ,  -1.0821750000000001      ,   1.4323421535975354E-002 ,   2.0342128948754291E-002
   2.63000011     ,  -1.0902250000000000      ,   1.3518982318620384E-002 ,   2.0710767312829760E-002
   2.62000012     ,  -1.1177750000000000      ,   1.4765628119473118E-002 ,   2.1091607660783898E-002
   2.61000013     ,  -1.0831875000000000      ,   1.4455802550237786E-002 ,   2.1490484707344451E-002
   2.60000014     ,  -1.1430750000000001      ,   1.4985415941875101E-002 ,   2.1876797971364628E-002
   2.59000015     ,  -1.1346250000000000      ,   1.5432298774922269E-002 ,   2.2303350077174995E-002
   2.58000016     ,  -1.1423500000000000      ,   1.5565924968960275E-002 ,   2.2728708531431094E-002
   2.57000017     ,  -1.1390374999999999      ,   1.5575172424959375E-002 ,   2.3162219836932039E-002
   2.55999994     ,  -1.1542500000000000      ,   1.6056165695190420E-002 ,   2.3597964039757904E-002
   2.54999995     ,  -1.1668000000000001      ,   1.6144697132374614E-002 ,   2.4048535459481706E-002
   2.53999996     ,  -1.1802250000000001      ,   1.6510469025226154E-002 ,   2.4512844887686739E-002
   2.52999997     ,  -1.1872625000000001      ,   1.6566874313978689E-002 ,   2.4990946610949624E-002
   2.51999998     ,  -1.1916249999999999      ,   1.6466264441204300E-002 ,   2.5476498018335906E-002
   2.50999999     ,  -1.2138500000000001      ,   1.7216402442927315E-002 ,   2.5972057463109061E-002
   2.50000000     ,  -1.2277250000000000      ,   1.7102113110496326E-002 ,   2.6489090599750471E-002
   2.49000001     ,  -1.2354250000000000      ,   1.7562730743742389E-002 ,   2.7022346320878098E-002
   2.48000002     ,  -1.2434875000000001      ,   1.7709304891527285E-002 ,   2.7565683475469657E-002
   2.47000003     ,  -1.2625999999999999      ,   1.8617486854155780E-002 ,   2.8123550566967713E-002
   2.46000004     ,  -1.2587375000000001      ,   1.8063310977357756E-002 ,   2.8700179215821086E-002
   2.45000005     ,  -1.2817125000000000      ,   1.7687123954164025E-002 ,   2.9275971112910897E-002
   2.44000006     ,  -1.2834625000000000      ,   1.8416604830274796E-002 ,   2.9876587436815306E-002
   2.43000007     ,  -1.3066000000000000      ,   1.8192973559007789E-002 ,   3.0484837471827075E-002
   2.42000008     ,  -1.3132500000000000      ,   1.8444733627054836E-002 ,   3.1117116708286867E-002
   2.41000009     ,  -1.3261250000000000      ,   1.7953693207810609E-002 ,   3.1759851602668004E-002
   2.40000010     ,  -1.3372875000000000      ,   1.8530346271204978E-002 ,   3.2419901465126320E-002
   2.39000010     ,  -1.3462125000000000      ,   1.7749634273622861E-002 ,   3.3094362576685715E-002
   2.38000011     ,  -1.3660500000000000      ,   1.8614814877133908E-002 ,   3.3784389513305382E-002
   2.37000012     ,  -1.3725125000000000      ,   1.8161298667718952E-002 ,   3.4498244109550359E-002
   2.36000013     ,  -1.3855875000000000      ,   1.8795041340115060E-002 ,   3.5225079837059851E-002
   2.35000014     ,  -1.3971000000000000      ,   1.9007585529997140E-002 ,   3.5973344605194024E-002
   2.34000015     ,  -1.4077500000000001      ,   1.8741824877120491E-002 ,   3.6739447580995510E-002
   2.33000016     ,  -1.4326000000000001      ,   1.8247431753887201E-002 ,   3.7520627546992487E-002
   2.32000017     ,  -1.4290624999999999      ,   1.7982778647667216E-002 ,   3.8331654888184984E-002
   2.30999994     ,  -1.4365375000000000      ,   1.8956642932853558E-002 ,   3.9148136086136091E-002
   2.29999995     ,  -1.4572250000000000      ,   1.8048498990775819E-002 ,   3.9978392148926255E-002
   2.28999996     ,  -1.4677000000000000      ,   1.7749500101818083E-002 ,   4.0836204597783761E-002
   2.27999997     ,  -1.4813125000000000      ,   1.7673105492261119E-002 ,   4.1712877245606399E-002
   2.26999998     ,  -1.4934624999999999      ,   1.7864075397162504E-002 ,   4.2613397986838900E-002
   2.25999999     ,  -1.5060249999999999      ,   1.7996700780944008E-002 ,   4.3537125193121910E-002
   2.25000000     ,  -1.5047250000000001      ,   1.7714417292476501E-002 ,   4.4482645593841769E-002
   2.24000001     ,  -1.5302750000000001      ,   1.7385488116558868E-002 ,   4.5433496198054410E-002
   2.23000002     ,  -1.5425625000000001      ,   1.6860789405696807E-002 ,   4.6422588366071854E-002
   2.22000003     ,  -1.5415000000000001      ,   1.7537943512350346E-002 ,   4.7436874907062755E-002
   2.21000004     ,  -1.5525249999999999      ,   1.6944114062910250E-002 ,   4.8457445061621744E-002
   2.20000005     ,  -1.5681624999999999      ,   1.6573468573804560E-002 ,   4.9500058016961321E-002
   2.19000006     ,  -1.5752750000000000      ,   1.6215175979988637E-002 ,   5.0571131272256584E-002
   2.18000007     ,  -1.5847249999999999      ,   1.6183228285321132E-002 ,   5.1660724657883739E-002
   2.17000008     ,  -1.5939125000000001      ,   1.5911683509563266E-002 ,   5.2772805826417482E-002
   2.16000009     ,  -1.6078749999999999      ,   1.5947275036223795E-002 ,   5.3907962608932374E-002
   2.15000010     ,  -1.6194375000000001      ,   1.5312565549160767E-002 ,   5.5072154565949265E-002
   2.14000010     ,  -1.6282000000000001      ,   1.5357659382342187E-002 ,   5.6263430153859359E-002
   2.13000011     ,  -1.6426875000000001      ,   1.4797505572505584E-002 ,   5.7477312924930440E-002
   2.12000012     ,  -1.6434750000000000      ,   1.4470975197471047E-002 ,   5.8722866577633169E-002
   2.11000013     ,  -1.6546500000000000      ,   1.4074943435837668E-002 ,   5.9979999695264671E-002
   2.10000014     ,  -1.6691125000000000      ,   1.3718860593156542E-002 ,   6.1265472159237985E-002
   2.09000015     ,  -1.6505624999999999      ,   1.5572521267659321E-002 ,   6.2590330261583685E-002
   2.08000016     ,  -1.6877249999999999      ,   1.3147102628279932E-002 ,   6.3896937178323565E-002
   2.07000017     ,  -1.7139374999999999      ,   1.1171195761607322E-002 ,   6.5267168500293779E-002
   2.06000018     ,  -1.6970375000000000      ,   1.2905934191403384E-002 ,   6.6696153889361995E-002
   2.04999995     ,  -1.7238000000000000      ,   1.1414960940070534E-002 ,   6.8111495861858412E-002
   2.03999996     ,  -1.7191875000000001      ,   1.2046852845077734E-002 ,   6.9586062282546365E-002
   2.02999997     ,  -1.7216750000000001      ,   1.1931755179330816E-002 ,   7.1069279451869527E-002
   2.01999998     ,  -1.7457000000000000      ,   1.0362099578155433E-002 ,   7.2569393142501631E-002
   2.00999999     ,  -1.7216875000000000      ,   1.3167014689904371E-002 ,   7.4132655277745999E-002
   2.00000000     ,  -1.7593000000000001      ,   9.6561118749999286E-003 ,   7.5667822596940423E-002
   1.99000001     ,  -1.7595250000000000      ,   1.0273547898724582E-002 ,   7.7282339470936781E-002
   1.98000002     ,  -1.7599875000000000      ,   1.0404174996442465E-002 ,   7.8918277998759098E-002
   1.97000003     ,  -1.7764750000000000      ,   9.5730874938017851E-003 ,   8.0572705765891109E-002
   1.96000004     ,  -1.7693500000000000      ,   1.1142968474560581E-002 ,   8.2280116404160775E-002
   1.95000005     ,  -1.7750375000000000      ,   9.8653417921729190E-003 ,   8.3994913156442461E-002
   1.94000006     ,  -1.7865374999999999      ,   1.0173148936943707E-002 ,   8.5740545114590797E-002
   1.93000007     ,  -1.7937000000000001      ,   9.7627613758840808E-003 ,   8.7529113414073309E-002
   1.92000008     ,  -1.7957749999999999      ,   9.9160830302064736E-003 ,   8.9354173988536303E-002
   1.91000009     ,  -1.8019875000000001      ,   8.8473998058192210E-003 ,   9.1204455787966154E-002
   1.90000010     ,  -1.8135874999999999      ,   8.8754067561474300E-003 ,   9.3089171562862186E-002
   1.89000010     ,  -1.8155874999999999      ,   9.1929443880485323E-003 ,   9.5022944896174924E-002
   1.88000011     ,  -1.8173125000000001      ,   8.9922780218581518E-003 ,   9.6986664205535755E-002
   1.87000012     ,  -1.8280250000000000      ,   7.9810612656727158E-003 ,   9.8977943795160950E-002
   1.86000013     ,  -1.8325125000000000      ,   8.1056959642583897E-003 ,  0.10101684767737795     
   1.85000014     ,  -1.8399624999999999      ,   7.3666078952950957E-003 ,  0.10309194461873475     
   1.84000015     ,  -1.8465499999999999      ,   6.7574705358472544E-003 ,  0.10520877912924670     
   1.83000016     ,  -1.8443250000000000      ,   7.4491746541099366E-003 ,  0.10737037727596209     
   1.82000017     ,  -1.8631750000000000      ,   6.2386346731116791E-003 ,  0.10955684823552084     
   1.81000018     ,  -1.8562749999999999      ,   6.7155864133838930E-003 ,  0.11181502628738633     
   1.80000019     ,  -1.8459749999999999      ,   8.2228152338992607E-003 ,  0.11409610640977297     
   1.78999996     ,  -1.8702375000000000      ,   6.5423920051782278E-003 ,  0.11638836477158779     
   1.77999997     ,  -1.8661500000000000      ,   7.3222450377955920E-003 ,  0.11876712891132872     
   1.76999998     ,  -1.8716625000000000      ,   6.1785658497323882E-003 ,  0.12117183996309906     
   1.75999999     ,  -1.8790750000000001      ,   5.7425363943106773E-003 ,  0.12362287142373793     
   1.75000000     ,  -1.8902000000000001      ,   5.3990485454125893E-003 ,  0.12612739498000267     
   1.74000001     ,  -1.8847125000000000      ,   5.6806167851192321E-003 ,  0.12869732005548362     
   1.73000002     ,  -1.8895750000000000      ,   6.0194779948201035E-003 ,  0.13129694114899368     
   1.72000003     ,  -1.8938625000000000      ,   4.9809395432795570E-003 ,  0.13394800585514366     
   1.71000004     ,  -1.8894249999999999      ,   5.8243492556594220E-003 ,  0.13665300799519556     
   1.70000005     ,  -1.8985375000000000      ,   5.4405980446167318E-003 ,  0.13939286706234608     
   1.69000006     ,  -1.9032000000000000      ,   5.3766747464837781E-003 ,  0.14219932580030437     
   1.68000007     ,  -1.9107375000000000      ,   4.2993728983329437E-003 ,  0.14506118862966613     
   1.67000008     ,  -1.9166875000000001      ,   4.2323345762362487E-003 ,  0.14798810192706841     
   1.66000009     ,  -1.9105500000000000      ,   5.0744197660988182E-003 ,  0.15098223905120722     
   1.65000010     ,  -1.9115249999999999      ,   4.8279331694815984E-003 ,  0.15401414355619497     
   1.64000010     ,  -1.9121625000000000      ,   4.8210154390569693E-003 ,  0.15710133856866026     
   1.63000011     ,  -1.9230750000000001      ,   4.0847814141439101E-003 ,  0.16024283708449985     
   1.62000012     ,  -1.9267875000000001      ,   3.9217615595251746E-003 ,  0.16346643278476572     
   1.61000013     ,  -1.9243250000000001      ,   4.1562024850351357E-003 ,  0.16675826768152291     
   1.60000014     ,  -1.9309875000000001      ,   3.9150115486125646E-003 ,  0.17010347024992911     
   1.59000015     ,  -1.9284749999999999      ,   4.1489100837130213E-003 ,  0.17352793234861322     
   1.58000016     ,  -1.9347500000000000      ,   4.0309035954998315E-003 ,  0.17700945354096062     
   1.57000017     ,  -1.9345000000000001      ,   4.0140060971974329E-003 ,  0.18057269076570900     
   1.56000018     ,  -1.9374000000000000      ,   3.7226175145687788E-003 ,  0.18420182583145706     
   1.55000019     ,  -1.9391624999999999      ,   3.6282062491575511E-003 ,  0.18790740233817338     
   1.53999996     ,  -1.9441375000000001      ,   3.4498754239501214E-003 ,  0.19168855339269519     
   1.52999997     ,  -1.9467125000000001      ,   3.6792630293120310E-003 ,  0.19555706174284934     
   1.51999998     ,  -1.9483500000000000      ,   3.2385203199865047E-003 ,  0.19950790183086545     
   1.50999999     ,  -1.9476000000000000      ,   3.2953004896388071E-003 ,  0.20354092079531963     
   1.50000000     ,  -1.9499375000000001      ,   3.1246512744711259E-003 ,  0.20765201461245519     
   1.49000001     ,  -1.9539875000000000      ,   3.0098049919287822E-003 ,  0.21185193695119203     
   1.48000002     ,  -1.9569624999999999      ,   2.7471261172305273E-003 ,  0.21614805149570887     
   1.47000003     ,  -1.9523874999999999      ,   2.9564156070365165E-003 ,  0.22054100195273901     
   1.46000004     ,  -1.9578374999999999      ,   2.8131649358923406E-003 ,  0.22501130599984490     
   1.45000005     ,  -1.9593499999999999      ,   2.6355894795285911E-003 ,  0.22959030511404419     
   1.44000006     ,  -1.9610000000000001      ,   2.6076024951001680E-003 ,  0.23426983527909714     
   1.43000007     ,  -1.9599375000000001      ,   2.8067516434660588E-003 ,  0.23905413781474558     
   1.42000008     ,  -1.9635875000000000      ,   2.5664105521891406E-003 ,  0.24393725251541870     
   1.41000009     ,  -1.9652125000000000      ,   2.4497248791642804E-003 ,  0.24893634867651412     
   1.40000010     ,  -1.9655250000000000      ,   2.4643998799203839E-003 ,  0.25404920635733574     
   1.39000010     ,  -1.9701124999999999      ,   2.0830732057585170E-003 ,  0.25927434665947369     
   1.38000011     ,  -1.9674000000000000      ,   2.5104963895016832E-003 ,  0.26463029027216434     
   1.37000012     ,  -1.9718875000000000      ,   1.9885678207892579E-003 ,  0.27009646069641180     
   1.36000013     ,  -1.9746750000000000      ,   1.8885265690265316E-003 ,  0.27569925624515362     
   1.35000014     ,  -1.9783875000000000      ,   1.5393993612107190E-003 ,  0.28143742253915738     
   1.34000015     ,  -1.9737750000000001      ,   2.0482699295983476E-003 ,  0.28732031675998404     
   1.33000016     ,  -1.9778875000000000      ,   1.6849839647755448E-003 ,  0.29332341251421007     
   1.32000017     ,  -1.9784250000000001      ,   1.7182583924908886E-003 ,  0.29947986468482096     
   1.31000018     ,  -1.9786999999999999      ,   1.6021408800581875E-003 ,  0.30578269066719804     
   1.30000019     ,  -1.9797875000000000      ,   1.6022842277210387E-003 ,  0.31223577327303370     
   1.29000020     ,  -1.9808125000000001      ,   1.4815413399604873E-003 ,  0.31884665759238190     
   1.27999997     ,  -1.9811875000000001      ,   1.5802359580992459E-003 ,  0.32562079106500896     
   1.26999998     ,  -1.9837250000000000      ,   1.4342173811387113E-003 ,  0.33256071234991347     
   1.25999999     ,  -1.9821500000000001      ,   1.4842388779905313E-003 ,  0.33968021720605762     
   1.25000000     ,  -1.9868625000000000      ,   1.1170399790646122E-003 ,  0.34696918662490034     
   1.24000001     ,  -1.9850000000000001      ,   1.3088579930363464E-003 ,  0.35445772027980860     
   1.23000002     ,  -1.9869749999999999      ,   1.1261727825933679E-003 ,  0.36212760320342041     
   1.22000003     ,  -1.9860000000000000      ,   1.2571804568919051E-003 ,  0.37000002367193507     
   1.21000004     ,  -1.9881000000000000      ,   1.0686700542165406E-003 ,  0.37807013851058141     
   1.20000005     ,  -1.9867999999999999      ,   1.2027846763396305E-003 ,  0.38635731212179075     
   1.19000006     ,  -1.9902124999999999      ,   8.7960660635003724E-004 ,  0.39485481150054175     
   1.18000007     ,  -1.9900374999999999      ,   9.4483783478875301E-004 ,  0.40358947838770837     
   1.17000008     ,  -1.9900750000000000      ,   9.4847629602836433E-004 ,  0.41255548779530399     
   1.16000009     ,  -1.9903000000000000      ,   9.3682910625305803E-004 ,  0.42176187792742986     
   1.15000010     ,  -1.9914875000000001      ,   8.3781161720793400E-004 ,  0.43121790880795857     
   1.14000010     ,  -1.9911000000000001      ,   8.6481596795969895E-004 ,  0.44093696591751319     
   1.13000011     ,  -1.9920249999999999      ,   8.4346787032883394E-004 ,  0.45092188934916194     
   1.12000012     ,  -1.9928750000000000      ,   7.3430254141809476E-004 ,  0.46118803888012838     
   1.11000013     ,  -1.9938000000000000      ,   6.7389803087174952E-004 ,  0.47174560429689899     
   1.10000014     ,  -1.9940249999999999      ,   6.3681753813259493E-004 ,  0.48260606921524035     
   1.09000015     ,  -1.9942124999999999      ,   6.2213692598182412E-004 ,  0.49377772250624702     
   1.08000016     ,  -1.9948625000000000      ,   5.6478235107438278E-004 ,  0.50527235548024940     
   1.07000017     ,  -1.9954499999999999      ,   5.2372244550354639E-004 ,  0.51710459937197795     
   1.06000018     ,  -1.9956624999999999      ,   5.1099561249773752E-004 ,  0.52928737678387539     
   1.05000019     ,  -1.9960000000000000      ,   4.5742613917583485E-004 ,  0.54183262594809101     
   1.04000020     ,  -1.9956624999999999      ,   5.1494740930000619E-004 ,  0.55475559772680572     
   1.02999997     ,  -1.9961125000000000      ,   4.6809892663972975E-004 ,  0.56806828052655955     
   1.01999998     ,  -1.9963000000000000      ,   4.5841502542301113E-004 ,  0.58178965302974506     
   1.00999999     ,  -1.9973125000000000      ,   3.2913057801488429E-004 ,  0.59593530877237921     
   1.00000000     ,  -1.9970749999999999      ,   3.8206937500007143E-004 ,  0.61052718514175486     
