   5.00000000     ,   2.0840820312500001E-002 ,   4.9868473605341797E-005 ,   7.3930494657114550E-005
   4.98999977     ,   2.0831249999999999E-002 ,   5.0198993291234938E-005 ,   7.4119345223789022E-005
   4.98000002     ,   2.0886523437499999E-002 ,   5.0392553290607139E-005 ,   7.4418087293090675E-005
   4.96999979     ,   2.1077832031250000E-002 ,   5.2559688287511007E-005 ,   7.5553197688693553E-005
   4.96000004     ,   2.1433007812499998E-002 ,   5.2122903481408862E-005 ,   7.6367819398967280E-005
   4.94999981     ,   2.1733691406249998E-002 ,   5.2673221699858513E-005 ,   7.7326433295511299E-005
   4.94000006     ,   2.1041113281249999E-002 ,   5.3535245016006807E-005 ,   7.6103260741282338E-005
   4.92999983     ,   2.1653613281250001E-002 ,   5.3855521585962259E-005 ,   7.7709059978042699E-005
   4.92000008     ,   2.1329003906250001E-002 ,   5.0829413854726839E-005 ,   7.6294548084608580E-005
   4.90999985     ,   2.1341699218749999E-002 ,   5.0273013901612749E-005 ,   7.6303590308452284E-005
   4.90000010     ,   2.1194238281250000E-002 ,   5.2589216255939013E-005 ,   7.6707730579839514E-005
   4.88999987     ,   2.1120703125000001E-002 ,   5.3145269549821388E-005 ,   7.6814677874263422E-005
   4.88000011     ,   2.1501367187499999E-002 ,   5.2561073917845945E-005 ,   7.7668560234379411E-005
   4.86999989     ,   2.1405175781250001E-002 ,   5.2338936612495988E-005 ,   7.7517169259997331E-005
   4.86000013     ,   2.1138281250000002E-002 ,   5.3923374547647704E-005 ,   7.7448957298226469E-005
   4.84999990     ,   2.1856933593749999E-002 ,   5.5709957665806260E-005 ,   7.9714631853293621E-005
   4.84000015     ,   2.1718652343749999E-002 ,   5.5046314543750612E-005 ,   7.9354938262347739E-005
   4.82999992     ,   2.1842968750000000E-002 ,   5.6395613526238255E-005 ,   8.0129539093606267E-005
   4.82000017     ,   2.2280957031250000E-002 ,   5.7956878782899401E-005 ,   8.1690658445667062E-005
   4.80999994     ,   2.1392089843750000E-002 ,   5.3290413528463222E-005 ,   7.8532288424096035E-005
   4.80000019     ,   2.2234179687500001E-002 ,   5.9943591747039314E-005 ,   8.2362906700784584E-005
   4.78999996     ,   2.2502050781250001E-002 ,   6.1095019134883358E-005 ,   8.3421094699315135E-005
   4.78000021     ,   2.1180566406250000E-002 ,   5.3752807611038229E-005 ,   7.8559592706792044E-005
   4.76999998     ,   2.1895019531250001E-002 ,   5.5641723150038777E-005 ,   8.0882682458410533E-005
   4.76000023     ,   2.1646874999999999E-002 ,   5.5922539174665646E-005 ,   8.0505699068193675E-005
   4.75000000     ,   2.2255664062500000E-002 ,   5.8133420064282648E-005 ,   8.2662251882958531E-005
   4.73999977     ,   2.1697753906249999E-002 ,   5.6097160167759557E-005 ,   8.0950587485094388E-005
   4.73000002     ,   2.1711035156249999E-002 ,   5.8879704938370789E-005 ,   8.1843455501129473E-005
   4.71999979     ,   2.1934863281250001E-002 ,   5.7681467394993062E-005 ,   8.2209244193808171E-005
   4.71000004     ,   2.2484960937500000E-002 ,   6.1066577940247594E-005 ,   8.4530281638170988E-005
   4.69999981     ,   2.2429687500000000E-002 ,   6.1602812083942122E-005 ,   8.4679579457360777E-005
   4.69000006     ,   2.2040039062499999E-002 ,   5.9954786472040869E-005 ,   8.3475577558473482E-005
   4.67999983     ,   2.2239843749999998E-002 ,   5.8089901428654735E-005 ,   8.3627810990839917E-005
   4.67000008     ,   2.1908984374999999E-002 ,   5.9520986985959994E-005 ,   8.3340959082198180E-005
   4.65999985     ,   2.2797851562499999E-002 ,   6.4203806672860273E-005 ,   8.6811059124010815E-005
   4.65000010     ,   2.1943652343750002E-002 ,   5.9746722252045043E-005 ,   8.3775641467547527E-005
   4.63999987     ,   2.2466113281249998E-002 ,   6.4613333734833374E-005 ,   8.6416237053776925E-005
   4.63000011     ,   2.2363574218750001E-002 ,   6.1131678876223216E-005 ,   8.5445983779657190E-005
   4.61999989     ,   2.1776757812499999E-002 ,   6.0379733636875966E-005 ,   8.3976784752081172E-005
   4.61000013     ,   2.2499511718750000E-002 ,   6.4963422071589885E-005 ,   8.7042028113066248E-005
   4.59999990     ,   2.3087402343750001E-002 ,   6.3060333133346534E-005 ,   8.8167023219872109E-005
   4.59000015     ,   2.2561035156249999E-002 ,   6.5415374523564393E-005 ,   8.7613560369555652E-005
   4.57999992     ,   2.3107519531249999E-002 ,   6.6420456583101003E-005 ,   8.9357649229487111E-005
   4.57000017     ,   2.2470312499999999E-002 ,   6.3596990080373974E-005 ,   8.7249023469837569E-005
   4.55999994     ,   2.2853027343749999E-002 ,   6.5197012879768222E-005 ,   8.8748759174220611E-005
   4.55000019     ,   2.2850292968750002E-002 ,   6.1783040380047546E-005 ,   8.8055017628434421E-005
   4.53999996     ,   2.3027636718750001E-002 ,   6.4296911407817322E-005 ,   8.9282021408986309E-005
   4.53000021     ,   2.2386425781250000E-002 ,   6.3915297454965160E-005 ,   8.7750113561131248E-005
   4.51999998     ,   2.2242968750000001E-002 ,   6.3338593191065315E-005 ,   8.7406467860073108E-005
   4.51000023     ,   2.2682812500000000E-002 ,   6.5168087973937959E-005 ,   8.9121156798182215E-005
   4.50000000     ,   2.3480664062500000E-002 ,   6.9583648852517913E-005 ,   9.2361118395071435E-005
   4.48999977     ,   2.2749121093750001E-002 ,   6.5889356245208902E-005 ,   8.9791437428601704E-005
   4.48000002     ,   2.3504394531250000E-002 ,   6.9342245937131853E-005 ,   9.2700592240351843E-005
   4.47000027     ,   2.2823730468750001E-002 ,   6.9147772024824285E-005 ,   9.1110762956043910E-005
   4.46000004     ,   2.3361816406249999E-002 ,   6.8602419376884611E-005 ,   9.2501534531743305E-005
   4.44999981     ,   2.2991015625000000E-002 ,   6.7842499947475622E-005 ,   9.1546317060617460E-005
   4.44000006     ,   2.3785644531250000E-002 ,   7.0713115716575738E-005 ,   9.4430853947242592E-005
   4.42999983     ,   2.2902148437499999E-002 ,   6.7037143575060480E-005 ,   9.1460201029790208E-005
   4.42000008     ,   2.3009960937500001E-002 ,   6.8712478990056686E-005 ,   9.2316194196045612E-005
   4.40999985     ,   2.2815332031250000E-002 ,   6.4728873948881099E-005 ,   9.1005404246993342E-005
   4.40000010     ,   2.2319238281250001E-002 ,   6.5420624385226120E-005 ,   9.0074700349290272E-005
   4.38999987     ,   2.3279687500000000E-002 ,   7.1733949016538706E-005 ,   9.4258006066489370E-005
   4.38000011     ,   2.3333300781250000E-002 ,   6.9929357147619747E-005 ,   9.4135370353462259E-005
   4.36999989     ,   2.3137304687499999E-002 ,   7.2647159573154086E-005 ,   9.4465386936854856E-005
   4.36000013     ,   2.3855371093750001E-002 ,   7.5473707797190108E-005 ,   9.7164225962920148E-005
   4.34999990     ,   2.3886914062500000E-002 ,   7.4613442846748623E-005 ,   9.7225446094349860E-005
   4.34000015     ,   2.3755761718750001E-002 ,   7.4364275366410685E-005 ,   9.7009386760878755E-005
   4.32999992     ,   2.2706835937499999E-002 ,   6.8400230708310389E-005 ,   9.3018261745752659E-005
   4.32000017     ,   2.4339550781250000E-002 ,   7.7872457862527734E-005 ,   9.9723151958135738E-005
   4.30999994     ,   2.3567578124999999E-002 ,   7.3853414378430616E-005 ,   9.6947979465778441E-005
   4.30000019     ,   2.3828710937500001E-002 ,   7.1820726629502797E-005 ,   9.7334299475291476E-005
   4.28999996     ,   2.3973828124999999E-002 ,   7.9614951169062662E-005 ,   9.9741465422245278E-005
   4.28000021     ,   2.3595507812500000E-002 ,   7.1258856400352870E-005 ,   9.6955368290029193E-005
   4.26999998     ,   2.3038378906250000E-002 ,   7.2307748080807814E-005 ,   9.5922518463771204E-005
   4.26000023     ,   2.4324511718750001E-002 ,   7.9054414005092218E-005 ,   1.0110760952487992E-004
   4.25000000     ,   2.4084570312500001E-002 ,   8.0996516190622820E-005 ,   1.0111886305273714E-004
   4.23999977     ,   2.3242578125000000E-002 ,   7.0563818919330427E-005 ,   9.6594773086313069E-005
   4.23000002     ,   2.3466113281249999E-002 ,   7.4643073841035632E-005 ,   9.8366111935505203E-005
   4.22000027     ,   2.4691406249999999E-002 ,   7.9304191837722924E-005 ,   1.0293405382746947E-004
   4.21000004     ,   2.3731933593750001E-002 ,   7.7001533875381014E-005 ,   1.0002192865185528E-004
   4.19999981     ,   2.4907226562499999E-002 ,   8.2588785908905773E-005 ,   1.0467027279043684E-004
   4.19000006     ,   2.5186230468750001E-002 ,   8.4536521938575278E-005 ,   1.0606875371777198E-004
   4.17999983     ,   2.5062207031249999E-002 ,   8.6850657392441072E-005 ,   1.0646170160485678E-004
   4.17000008     ,   2.4983984375000001E-002 ,   8.5994412478048330E-005 ,   1.0626668641085677E-004
   4.15999985     ,   2.5285546874999999E-002 ,   8.6233509227770695E-005 ,   1.0734696937543810E-004
   4.15000010     ,   2.4724316406249999E-002 ,   8.3313356699225055E-005 ,   1.0537183109364378E-004
   4.13999987     ,   2.4768652343749999E-002 ,   8.2518632572186145E-005 ,   1.0551995860505981E-004
   4.13000011     ,   2.4515527343749999E-002 ,   8.5187995319934811E-005 ,   1.0564947645291348E-004
   4.11999989     ,   2.5269531250000001E-002 ,   8.9702778065961841E-005 ,   1.0893210480526297E-004
   4.11000013     ,   2.4803124999999999E-002 ,   8.7954774083912006E-005 ,   1.0748284546972281E-004
   4.09999990     ,   2.5327929687500000E-002 ,   8.5799912046686218E-005 ,   1.0865557435630086E-004
   4.09000015     ,   2.4460156250000000E-002 ,   8.2747444876862697E-005 ,   1.0577836627031511E-004
   4.07999992     ,   2.5801367187500000E-002 ,   9.3618864199099838E-005 ,   1.1213503111259448E-004
   4.07000017     ,   2.5579687500000000E-002 ,   9.0883243348732811E-005 ,   1.1114595773355884E-004
   4.05999994     ,   2.5601953125000000E-002 ,   8.8454038525803997E-005 ,   1.1089524459192092E-004
   4.05000019     ,   2.4567675781249999E-002 ,   8.6090861984493438E-005 ,   1.0770255251868080E-004
   4.03999996     ,   2.5465624999999999E-002 ,   9.0071919624677487E-005 ,   1.1132361768480530E-004
   4.03000021     ,   2.5380468749999999E-002 ,   9.1475181138064632E-005 ,   1.1162322598974711E-004
   4.01999998     ,   2.5225195312500000E-002 ,   9.4575549202307352E-005 ,   1.1210441021107471E-004
   4.01000023     ,   2.5603320312500000E-002 ,   9.1337919924431915E-005 ,   1.1267577193584665E-004
   4.00000000     ,   2.5568945312500001E-002 ,   8.7671269712448089E-005 ,   1.1199593751102137E-004
   3.99000001     ,   2.6154785156249999E-002 ,   9.8347852660521127E-005 ,   1.1622815709485351E-004
   3.98000002     ,   2.5991210937499998E-002 ,   9.6792547942241904E-005 ,   1.1566809782340895E-004
   3.97000003     ,   2.6079003906249999E-002 ,   9.4025961803826844E-005 ,   1.1555580801534790E-004
   3.96000004     ,   2.5771972656249999E-002 ,   9.6024127984745890E-005 ,   1.1535512057678407E-004
   3.95000005     ,   2.6320117187499999E-002 ,   9.8723225901435168E-005 ,   1.1774376099804115E-004
   3.94000006     ,   2.6002148437500001E-002 ,   9.7136995985352623E-005 ,   1.1673548604833975E-004
   3.93000007     ,   2.6948144531249999E-002 ,   1.0447303716954176E-004 ,   1.2125899070203847E-004
   3.92000008     ,   2.5524707031250000E-002 ,   9.6861147129546142E-005 ,   1.1579176716041545E-004
   3.90999985     ,   2.6504394531249999E-002 ,   1.0070256915545135E-004 ,   1.1968807952248752E-004
   3.90000010     ,   2.6461621093749998E-002 ,   1.0308751668255548E-004 ,   1.2032410925744379E-004
   3.88999987     ,   2.6526953124999999E-002 ,   1.0689370988877342E-004 ,   1.2157195483246677E-004
   3.88000011     ,   2.7640820312500002E-002 ,   1.1251846212982274E-004 ,   1.2621737333835955E-004
   3.86999989     ,   2.7063867187500000E-002 ,   1.0961125182444490E-004 ,   1.2420911388476497E-004
   3.86000013     ,   2.6325097656250001E-002 ,   9.8249378838771403E-005 ,   1.1990670067943475E-004
   3.84999990     ,   2.5979492187500001E-002 ,   1.0497058439457206E-004 ,   1.2059930185947103E-004
   3.84000015     ,   2.7630859375000000E-002 ,   1.0761659529559076E-004 ,   1.2625926743662757E-004
   3.82999992     ,   2.8089160156250001E-002 ,   1.1101732868977215E-004 ,   1.2858698926267818E-004
   3.82000017     ,   2.7937207031250001E-002 ,   1.1740317819719780E-004 ,   1.2970442871774359E-004
   3.80999994     ,   2.7486132812500001E-002 ,   1.1177430091529156E-004 ,   1.2750353157597177E-004
   3.80000019     ,   2.7038769531250000E-002 ,   1.1427846291856312E-004 ,   1.2697172901669892E-004
   3.78999996     ,   2.6933789062500001E-002 ,   1.1079432433046687E-004 ,   1.2621010285788939E-004
   3.77999997     ,   2.6433691406250001E-002 ,   1.0306921427111810E-004 ,   1.2335859494905639E-004
   3.76999998     ,   2.8424511718750000E-002 ,   1.1732244957112649E-004 ,   1.3255677679971392E-004
   3.75999999     ,   2.8112695312500002E-002 ,   1.2091654357254591E-004 ,   1.3262825518612365E-004
   3.75000000     ,   2.8547949218750000E-002 ,   1.2121827170034147E-004 ,   1.3428685153639766E-004
   3.74000001     ,   2.8238671874999999E-002 ,   1.1694683688087291E-004 ,   1.3279265596987828E-004
   3.73000002     ,   2.7934277343750001E-002 ,   1.1938398676097289E-004 ,   1.3265354349081297E-004
   3.72000003     ,   2.8379296875000001E-002 ,   1.1480551165721423E-004 ,   1.3338005772455506E-004
   3.71000004     ,   2.7970312500000000E-002 ,   1.2111752094519457E-004 ,   1.3369746517275205E-004
   3.70000005     ,   2.8186621093749999E-002 ,   1.1897063584096481E-004 ,   1.3422138994257906E-004
   3.69000006     ,   2.8844824218749999E-002 ,   1.3030943141448113E-004 ,   1.3877576905243819E-004
   3.68000007     ,   2.8712792968750001E-002 ,   1.2837213457714234E-004 ,   1.3830171839335141E-004
   3.67000008     ,   2.8284570312500000E-002 ,   1.1551855963192835E-004 ,   1.3473128089058853E-004
   3.66000009     ,   2.9214648437500001E-002 ,   1.3250029864147176E-004 ,   1.4126793877989073E-004
   3.65000010     ,   2.9541894531250001E-002 ,   1.2815632115600333E-004 ,   1.4176316522625004E-004
   3.63999987     ,   2.9342089843749999E-002 ,   1.3150284076571565E-004 ,   1.4210676130595886E-004
   3.63000011     ,   2.8467871093750000E-002 ,   1.2354354482198713E-004 ,   1.3814255144991219E-004
   3.61999989     ,   2.8935937500000002E-002 ,   1.2955968287173532E-004 ,   1.4110523971407686E-004
   3.61000013     ,   2.9838085937500002E-002 ,   1.4452264113722378E-004 ,   1.4710422051745760E-004
   3.59999990     ,   2.9783203125000001E-002 ,   1.3365208309421903E-004 ,   1.4520734580281342E-004
   3.59000015     ,   2.9515429687500001E-002 ,   1.4492114284159953E-004 ,   1.4684138698928121E-004
   3.57999992     ,   2.9139160156250000E-002 ,   1.3670295372052721E-004 ,   1.4442697663745165E-004
   3.57000017     ,   3.0161035156249998E-002 ,   1.3701667876955559E-004 ,   1.4805616318736432E-004
   3.55999994     ,   3.1695507812500003E-002 ,   1.4985316707562179E-004 ,   1.5567562451554020E-004
   3.55000019     ,   3.0332714843750001E-002 ,   1.4988701124663565E-004 ,   1.5169810523542798E-004
   3.53999996     ,   3.1000683593750002E-002 ,   1.5220412171135356E-004 ,   1.5459982090913846E-004
   3.53000021     ,   2.8926074218750000E-002 ,   1.3508305941198315E-004 ,   1.4510427339923664E-004
   3.51999998     ,   3.1143945312500001E-002 ,   1.6039366082552971E-004 ,   1.5726321559643072E-004
   3.50999999     ,   2.9647753906250001E-002 ,   1.4575304543273777E-004 ,   1.5014265367893639E-004
   3.50000000     ,   3.1010058593750001E-002 ,   1.5966077742013798E-004 ,   1.5743478546114702E-004
   3.49000001     ,   3.2093066406250002E-002 ,   1.7504870638071959E-004 ,   1.6401090714810403E-004
   3.48000002     ,   3.1525488281250000E-002 ,   1.6005493028209251E-004 ,   1.5991282039687417E-004
   3.47000003     ,   3.1543261718750000E-002 ,   1.6437177682518495E-004 ,   1.6112069243380802E-004
   3.46000004     ,   3.1545117187499999E-002 ,   1.6165201162025443E-004 ,   1.6102153255490105E-004
   3.45000005     ,   3.1996582031249998E-002 ,   1.7040016880356181E-004 ,   1.6443058597630141E-004
   3.44000006     ,   3.1209179687500001E-002 ,   1.5798431007807288E-004 ,   1.6002510730247168E-004
   3.43000007     ,   3.1192871093750001E-002 ,   1.5609260597944868E-004 ,   1.6001117360751961E-004
   3.42000008     ,   3.2773144531249999E-002 ,   1.7894701873699920E-004 ,   1.6965288393449318E-004
   3.41000009     ,   3.2657617187500002E-002 ,   1.7344747242054249E-004 ,   1.6872898736728688E-004
   3.40000010     ,   3.2409277343750001E-002 ,   1.7850401980958080E-004 ,   1.6918941010064228E-004
   3.38999987     ,   3.1588964843749998E-002 ,   1.7013420394375293E-004 ,   1.6540958851487460E-004
   3.38000011     ,   3.2544140625000002E-002 ,   1.9034159798476006E-004 ,   1.7249190906518176E-004
   3.36999989     ,   3.3388964843750001E-002 ,   1.9335612436243444E-004 ,   1.7621780760623194E-004
   3.36000013     ,   3.4166406250000003E-002 ,   1.8532676606320778E-004 ,   1.7791730298315184E-004
   3.34999990     ,   3.3112109374999997E-002 ,   1.7790348958319520E-004 ,   1.7352122275623682E-004
   3.34000015     ,   3.3544140625000003E-002 ,   1.9220964664014065E-004 ,   1.7783859534146193E-004
   3.32999992     ,   3.3717968750000001E-002 ,   2.0056869453641138E-004 ,   1.8025713487593100E-004
   3.32000017     ,   3.3387890625000000E-002 ,   2.0139569543896127E-004 ,   1.7972640275710803E-004
   3.30999994     ,   3.3307031250000001E-002 ,   1.8409046221518337E-004 ,   1.7697554011710065E-004
   3.30000019     ,   3.4675976562500002E-002 ,   2.1615897712990408E-004 ,   1.8739325381175113E-004
   3.28999996     ,   3.2726953125000000E-002 ,   1.9357390791564840E-004 ,   1.7749275422594297E-004
   3.28000021     ,   3.5831054687500002E-002 ,   2.2666290369914379E-004 ,   1.9393854580485333E-004
   3.26999998     ,   3.5205859375000002E-002 ,   2.1937282966513443E-004 ,   1.9112404605807609E-004
   3.25999999     ,   3.5808691406250003E-002 ,   2.2594025559097338E-004 ,   1.9471894511714828E-004
   3.25000000     ,   3.6454785156250002E-002 ,   2.2804922745383653E-004 ,   1.9777848547399758E-004
   3.24000001     ,   3.4106054687499998E-002 ,   2.0630327364327120E-004 ,   1.8663485454359705E-004
   3.23000002     ,   3.4753710937500001E-002 ,   2.1791298346639725E-004 ,   1.9125135291076965E-004
   3.22000003     ,   3.5832519531250002E-002 ,   2.2659982647087569E-004 ,   1.9688395004920212E-004
   3.21000004     ,   3.4550976562500002E-002 ,   2.1276989233031676E-004 ,   1.9068078183271067E-004
   3.20000005     ,   3.6534667968749997E-002 ,   2.2837544016540061E-004 ,   2.0064921097474251E-004
   3.19000006     ,   3.6317480468750003E-002 ,   2.3041005018958048E-004 ,   2.0071340191936911E-004
   3.18000007     ,   3.6479101562499998E-002 ,   2.2139718593118971E-004 ,   2.0040244730555701E-004
   3.17000008     ,   3.7080859374999997E-002 ,   2.5143521725688966E-004 ,   2.0769089106146931E-004
   3.16000009     ,   3.6581445312500002E-002 ,   2.5490659416908199E-004 ,   2.0698773960270127E-004
   3.15000010     ,   3.6668652343749997E-002 ,   2.4468795235559873E-004 ,   2.0627031212931519E-004
   3.13999987     ,   3.8072949218749999E-002 ,   2.8586864080715489E-004 ,   2.1794565681845739E-004
   3.13000011     ,   3.7085058593749998E-002 ,   2.6965164535966586E-004 ,   2.1261665766729199E-004
   3.11999989     ,   3.8301171874999998E-002 ,   2.6981878075972885E-004 ,   2.1754707721570321E-004
   3.11000013     ,   3.9546875000000002E-002 ,   2.9200754624746718E-004 ,   2.2581356744080729E-004
   3.09999990     ,   3.7962207031250000E-002 ,   2.9774732210804332E-004 ,   2.2155241295514577E-004
   3.09000015     ,   4.0556835937500001E-002 ,   2.9397117147599277E-004 ,   2.3096499907066803E-004
   3.07999992     ,   4.1642675781249999E-002 ,   3.1637301626010709E-004 ,   2.3864006867650996E-004
   3.07000017     ,   3.7959082031250001E-002 ,   2.6081331994325682E-004 ,   2.1785487545622731E-004
   3.05999994     ,   4.0280761718750002E-002 ,   2.8700782515389615E-004 ,   2.3082770572923183E-004
   3.05000019     ,   4.0177343749999997E-002 ,   2.7970881815327266E-004 ,   2.3003428777261924E-004
   3.03999996     ,   4.3408691406249998E-002 ,   3.4234968905153072E-004 ,   2.5123072195277444E-004
   3.03000021     ,   4.1815722656249998E-002 ,   3.0853693616232560E-004 ,   2.4145341649658273E-004
   3.01999998     ,   4.3658203125000003E-002 ,   3.4209692143358526E-004 ,   2.5350197214158571E-004
   3.00999999     ,   4.1335742187500003E-002 ,   3.1958300023113864E-004 ,   2.4247768847553445E-004
   3.00000000     ,   4.2189550781250001E-002 ,   3.3403283338724046E-004 ,   2.4829719351431641E-004
   2.99000001     ,   4.2955761718749999E-002 ,   3.7037841990821680E-004 ,   2.5662937862699724E-004
   2.98000002     ,   4.4865136718749997E-002 ,   3.9038329128650789E-004 ,   2.6703206558629947E-004
   2.97000003     ,   4.5040136718749998E-002 ,   3.9042232826914898E-004 ,   2.6843291130330287E-004
   2.96000004     ,   4.2146875000000000E-002 ,   3.2140207640073679E-004 ,   2.4918919609553123E-004
   2.95000005     ,   4.2531054687500000E-002 ,   3.2252584572041410E-004 ,   2.5152096871579061E-004
   2.94000006     ,   4.4288964843750001E-002 ,   3.6961893014298119E-004 ,   2.6517166130315831E-004
   2.93000007     ,   4.0600683593749999E-002 ,   3.0530469426571811E-004 ,   2.4308836766341520E-004
   2.92000008     ,   4.4393945312500002E-002 ,   4.0737817368545378E-004 ,   2.7184487660976170E-004
   2.91000009     ,   5.0576855468750001E-002 ,   4.9351261543255723E-004 ,   3.0652406869554038E-004
   2.90000010     ,   4.7612500000000002E-002 ,   4.2183612462850330E-004 ,   2.8759912758975867E-004
   2.89000010     ,   4.8449218750000002E-002 ,   4.4465980528217631E-004 ,   2.9439030820157858E-004
   2.88000011     ,   5.0048144531249998E-002 ,   4.5965216112072913E-004 ,   3.0325668519873587E-004
   2.87000012     ,   4.8448144531250001E-002 ,   4.6877540832957317E-004 ,   2.9887968810302502E-004
   2.86000013     ,   4.5743066406249998E-002 ,   4.3096557034504897E-004 ,   2.8465636188981910E-004
   2.85000014     ,   5.0590332031249997E-002 ,   4.9005759934242282E-004 ,   3.1148769119628537E-004
   2.84000015     ,   5.0139648437500003E-002 ,   5.1471241473018180E-004 ,   3.1335894341818517E-004
   2.83000016     ,   5.0525000000000000E-002 ,   5.2635491006855668E-004 ,   3.1707862689646208E-004
   2.81999993     ,   5.0544042968750001E-002 ,   4.8726087923520151E-004 ,   3.1371820822012294E-004
   2.80999994     ,   5.4612695312500001E-002 ,   5.9397634048679628E-004 ,   3.4245094112734896E-004
   2.79999995     ,   5.2904980468750001E-002 ,   5.5143780998183854E-004 ,   3.3212756151457506E-004
   2.78999996     ,   5.2605273437500003E-002 ,   5.6057588330730990E-004 ,   3.3287290371205734E-004
   2.77999997     ,   5.9957910156250002E-002 ,   7.2280965974619218E-004 ,   3.7976323409446785E-004
   2.76999998     ,   4.9537304687499999E-002 ,   5.2763573558520412E-004 ,   3.1884285628141048E-004
   2.75999999     ,   5.7067773437499997E-002 ,   6.8279781124887869E-004 ,   3.6645541562322248E-004
   2.75000000     ,   5.7128515625000001E-002 ,   7.0129850911498980E-004 ,   3.6959765423479665E-004
   2.74000001     ,   5.5128222656250003E-002 ,   6.4332905247078856E-004 ,   3.5679883989078780E-004
   2.73000002     ,   5.7626464843750003E-002 ,   7.1955157009666966E-004 ,   3.7560552474403852E-004
   2.72000003     ,   6.2436816406249998E-002 ,   7.9274132699996966E-004 ,   4.0333931278574870E-004
   2.71000004     ,   6.2387988281250001E-002 ,   9.6318137395959096E-004 ,   4.1943889643671886E-004
   2.70000005     ,   5.5063964843750000E-002 ,   6.9139564499319539E-004 ,   3.6570430813333369E-004
   2.69000006     ,   6.2180468750000002E-002 ,   7.7559274190262036E-004 ,   4.0441316276842450E-004
   2.68000007     ,   6.3746191406250000E-002 ,   8.1388407215952821E-004 ,   4.1569873477177797E-004
   2.67000008     ,   6.0744042968750002E-002 ,   8.4771466597986095E-004 ,   4.0745882628165928E-004
   2.66000009     ,   6.3044042968750005E-002 ,   9.3621306479845965E-004 ,   4.2609390302156649E-004
   2.65000010     ,   6.3253222656249997E-002 ,   8.4619928599190329E-004 ,   4.2035901472211933E-004
   2.64000010     ,   6.0914941406249999E-002 ,   9.6093133399754310E-004 ,   4.2208792752852363E-004
   2.63000011     ,   6.9690527343750003E-002 ,   9.5339411554099234E-004 ,   4.5974732315798251E-004
   2.62000012     ,   6.9875781250000005E-002 ,   1.0703551626822056E-003 ,   4.7142785243279629E-004
   2.61000013     ,   6.6562499999999997E-002 ,   8.4578337299187764E-004 ,   4.3999671867925609E-004
   2.60000014     ,   8.2152539062500002E-002 ,   1.5158774772166823E-003 ,   5.5937510516075530E-004
   2.59000015     ,   7.8358789062500003E-002 ,   1.2837766691528463E-003 ,   5.2870456836762170E-004
   2.58000016     ,   7.9500878906250003E-002 ,   1.4010975778879827E-003 ,   5.4364811341390217E-004
   2.57000017     ,   8.0081250000000007E-002 ,   1.3988583327245614E-003 ,   5.4773802667944726E-004
   2.55999994     ,   8.2996191406250003E-002 ,   1.5356452421806754E-003 ,   5.7150334987580715E-004
   2.54999995     ,   8.5037304687499995E-002 ,   1.4799079706609359E-003 ,   5.7858751656759326E-004
   2.53999996     ,   8.7851171874999995E-002 ,   1.6766540146984814E-003 ,   6.0566693530947596E-004
   2.52999997     ,   8.8815722656249999E-002 ,   1.7766462674742133E-003 ,   6.1816516929408835E-004
   2.51999998     ,   9.2712988281250006E-002 ,   1.9667507727670073E-003 ,   6.4886132197199879E-004
   2.50999999     ,   9.8391992187499999E-002 ,   2.0567946604123917E-003 ,   6.8133800919786553E-004
   2.50000000     ,   9.8969726562499999E-002 ,   2.1595259320665284E-003 ,   6.9196461864936035E-004
   2.49000001     ,  0.10254257812500001      ,   2.3662350960569328E-003 ,   7.2150066015943929E-004
   2.48000002     ,  0.10467070312500000      ,   2.4743209462713312E-003 ,   7.3912839957909196E-004
   2.47000003     ,  0.11118417968750000      ,   2.6864271619885475E-003 ,   7.8162810195215899E-004
   2.46000004     ,  0.11954453125000000      ,   2.9921182502341921E-003 ,   8.3670291787700155E-004
   2.45000005     ,  0.11906923828125000      ,   3.0997740678847963E-003 ,   8.4239848160468458E-004
   2.44000006     ,  0.12752031250000001      ,   3.5326933910677992E-003 ,   9.0284702787921578E-004
   2.43000007     ,  0.13295322265625001      ,   3.7941470063150248E-003 ,   9.4153146687042091E-004
   2.42000008     ,  0.14285810546875000      ,   4.3383232395986186E-003 ,   1.0113746103270337E-003
   2.41000009     ,  0.14813945312499999      ,   4.7115638714234969E-003 ,   1.0528516095001867E-003
   2.40000010     ,  0.16042812500000000      ,   5.5608922083324021E-003 ,   1.1419506027574950E-003
   2.39000010     ,  0.17113847656250000      ,   6.2422427378321550E-003 ,   1.2164038321800714E-003
   2.38000011     ,  0.18267871093749999      ,   6.8474934731953445E-003 ,   1.2909733094290670E-003
   2.37000012     ,  0.20145869140625000      ,   7.9824234479762592E-003 ,   1.4116248523099151E-003
   2.36000013     ,  0.21709531250000000      ,   9.1425175815490548E-003 ,   1.5158158469091997E-003
   2.35000014     ,  0.23658691406249999      ,   1.0548451117992139E-002 ,   1.6397087293719716E-003
   2.34000015     ,  0.26974267578125000      ,   1.2265811734270821E-002 ,   1.8248247391954157E-003
   2.33000016     ,  0.30203632812499998      ,   1.3929562067340568E-002 ,   1.9984213480983763E-003
   2.32000017     ,  0.34035478515625001      ,   1.5402452983148154E-002 ,   2.1859900879891954E-003
   2.30999994     ,  0.37855019531250000      ,   1.6683887251091094E-002 ,   2.3614901428333896E-003
   2.29999995     ,  0.42812167968749998      ,   1.7600967791401179E-002 ,   2.5627085667541951E-003
   2.28999996     ,  0.49186767578125001      ,   1.6032683771687723E-002 ,   2.7687437038021374E-003
   2.27999997     ,  0.54623496093750001      ,   1.4318957297161084E-002 ,   2.9190344137682792E-003
   2.26999998     ,  0.59719736328124995      ,   1.1594849744699190E-002 ,   3.0287584196203587E-003
   2.25999999     ,  0.63973798828124995      ,   8.7651923329380398E-003 ,   3.0974019000001240E-003
   2.25000000     ,  0.67983203125000002      ,   6.1553062032906145E-003 ,   3.1395402016161740E-003
   2.24000001     ,  0.70823740234374999      ,   4.6291568765882462E-003 ,   3.1560884822331037E-003
   2.23000002     ,  0.73322744140624996      ,   3.0740848482851495E-003 ,   3.1587503545293270E-003
   2.22000003     ,  0.75336767578124997      ,   2.2953421766973873E-003 ,   3.1518105937514630E-003
   2.21000004     ,  0.76951621093750000      ,   1.5626569400560594E-003 ,   3.1410280583325199E-003
   2.20000005     ,  0.78375371093750001      ,   1.1722563105708171E-003 ,   3.1255689096998302E-003
   2.19000006     ,  0.79795019531250000      ,   9.3928917837056306E-004 ,   3.1025834647291093E-003
   2.18000007     ,  0.80891884765625000      ,   7.2039840294119226E-004 ,   3.0824485920560693E-003
   2.17000008     ,  0.81874374999999999      ,   6.0065528782936328E-004 ,   3.0612119309686293E-003
   2.16000009     ,  0.82685654296875000      ,   5.1092332799213783E-004 ,   3.0424549413519018E-003
   2.15000010     ,  0.83576943359375000      ,   4.4597780788022562E-004 ,   3.0166118281495027E-003
   2.14000010     ,  0.84391650390624995      ,   3.6120183970424311E-004 ,   2.9903033135527555E-003
   2.13000011     ,  0.85081230468750002      ,   3.0954434773978199E-004 ,   2.9668546490874137E-003
   2.12000012     ,  0.85641015625000005      ,   2.8999317480106018E-004 ,   2.9482056606971022E-003
   2.11000013     ,  0.86265332031249997      ,   2.6786388313289116E-004 ,   2.9231689144466767E-003
   2.10000014     ,  0.86842675781250001      ,   2.2981194488758935E-004 ,   2.8985563878262265E-003
   2.09000015     ,  0.87309023437500000      ,   1.9555840097937329E-004 ,   2.8795447708161019E-003
   2.08000016     ,  0.87918847656249999      ,   1.9509335685217419E-004 ,   2.8474906642743606E-003
   2.07000017     ,  0.88157812499999999      ,   1.9593656411901034E-004 ,   2.8422853740193931E-003
   2.06000018     ,  0.88787148437499996      ,   1.8717549401598617E-004 ,   2.8036202797601896E-003
   2.04999995     ,  0.89216181640625003      ,   1.4045381569661509E-004 ,   2.7798778704305120E-003
   2.03999996     ,  0.89664111328124996      ,   1.2073165765368705E-004 ,   2.7520014605285602E-003
   2.02999997     ,  0.90114482421874997      ,   1.1338793230287560E-004 ,   2.7215103465437736E-003
   2.01999998     ,  0.90330205078125003      ,   1.1263346956315425E-004 ,   2.7129567778673286E-003
   2.00999999     ,  0.90817470703125003      ,   9.4233887730725671E-005 ,   2.6748282941239502E-003
   2.00000000     ,  0.91015380859374995      ,   9.4647094607436255E-005 ,   2.6663625348959104E-003
   1.99000001     ,  0.91380458984375001      ,   9.0818168161997833E-005 ,   2.6377037036981544E-003
   1.98000002     ,  0.91821308593749995      ,   7.5386506047048923E-005 ,   2.5981287811048031E-003
   1.97000003     ,  0.92177470703124997      ,   7.3112496215734193E-005 ,   2.5660762478929072E-003
   1.96000004     ,  0.92390703124999995      ,   6.0659364861445483E-005 ,   2.5513169796586932E-003
   1.95000005     ,  0.92642050781249996      ,   6.6915703154664071E-005 ,   2.5302095586583325E-003
   1.94000006     ,  0.92889658203125003      ,   6.2797538930634971E-005 ,   2.5083800997319520E-003
   1.93000007     ,  0.93058173828125001      ,   5.7930349977910736E-005 ,   2.4969956726580197E-003
   1.92000008     ,  0.93320927734375003      ,   6.3886814019784797E-005 ,   2.4707568796496593E-003
   1.91000009     ,  0.93645908203124995      ,   4.7944253298281994E-005 ,   2.4331097952954681E-003
   1.90000010     ,  0.93782099609375003      ,   4.9949344132617177E-005 ,   2.4239683062465193E-003
   1.89000010     ,  0.94035273437500000      ,   4.7893363376613437E-005 ,   2.3947927331654907E-003
   1.88000011     ,  0.94184042968750004      ,   4.5208794108085196E-005 ,   2.3821741269453647E-003
   1.87000012     ,  0.94466132812500003      ,   3.9434267493661629E-005 ,   2.3449038373473327E-003
   1.86000013     ,  0.94682509765625000      ,   3.8084857608063249E-005 ,   2.3174300991000789E-003
   1.85000014     ,  0.94862373046875004      ,   3.5550298137677025E-005 ,   2.2958383888464044E-003
   1.84000015     ,  0.95059638671875002      ,   3.3224907780190223E-005 ,   2.2695668804775145E-003
   1.83000016     ,  0.95218095703125005      ,   3.1242442112780369E-005 ,   2.2499159290389555E-003
   1.82000017     ,  0.95360058593749997      ,   3.2270571598285449E-005 ,   2.2323476411446213E-003
   1.81000018     ,  0.95518623046874995      ,   2.9330326755202321E-005 ,   2.2108340061775043E-003
   1.80000019     ,  0.95675576171874999      ,   2.7471948464419025E-005 ,   2.1883399824224785E-003
   1.78999996     ,  0.95804980468750001      ,   2.8454900239288272E-005 ,   2.1711570551245884E-003
   1.77999997     ,  0.95937353515625001      ,   2.7018957688495758E-005 ,   2.1524350959955547E-003
   1.76999998     ,  0.96125957031249998      ,   2.4298129889550287E-005 ,   2.1191706402267276E-003
   1.75999999     ,  0.96275439453125000      ,   2.2852685965048992E-005 ,   2.0939117205181577E-003
   1.75000000     ,  0.96394472656249997      ,   2.1768241569414414E-005 ,   2.0751184159963363E-003
   1.74000001     ,  0.96544296875000002      ,   2.1571945531952540E-005 ,   2.0472624236538574E-003
   1.73000002     ,  0.96666083984374995      ,   1.9516116094919957E-005 ,   2.0258092541777599E-003
   1.72000003     ,  0.96775937499999998      ,   2.0107608253527060E-005 ,   2.0067718728641699E-003
   1.71000004     ,  0.96885263671874999      ,   1.7944359690109230E-005 ,   1.9866822709033653E-003
   1.70000005     ,  0.97003789062500001      ,   1.6264390851163408E-005 ,   1.9632974550580053E-003
   1.69000006     ,  0.97129394531250002      ,   1.5222658334608468E-005 ,   1.9362751026374780E-003
   1.68000007     ,  0.97194423828124998      ,   1.6023751054969338E-005 ,   1.9272907370106579E-003
   1.67000008     ,  0.97330058593750002      ,   1.4665605715514571E-005 ,   1.8949975758798655E-003
   1.66000009     ,  0.97439521484375002      ,   1.3449138077619841E-005 ,   1.8696433508610462E-003
   1.65000010     ,  0.97527802734375002      ,   1.4035562599348722E-005 ,   1.8504038757689570E-003
   1.64000010     ,  0.97646884765624997      ,   1.2195431104562209E-005 ,   1.8192821163343406E-003
   1.63000011     ,  0.97713037109375001      ,   1.2130741188306376E-005 ,   1.8062259013563551E-003
   1.62000012     ,  0.97799628906250002      ,   1.1114418725458756E-005 ,   1.7846830853076817E-003
   1.61000013     ,  0.97885156250000005      ,   1.1512248134403930E-005 ,   1.7624926437271331E-003
   1.60000014     ,  0.97951015625000004      ,   1.0679995853352391E-005 ,   1.7474388954861612E-003
   1.59000015     ,  0.98045585937500002      ,   9.7127374343006029E-006 ,   1.7196781908128576E-003
   1.58000016     ,  0.98120869140625000      ,   9.0263095720780938E-006 ,   1.6986614101588170E-003
   1.57000017     ,  0.98193203124999995      ,   9.2375787161958515E-006 ,   1.6780171542246083E-003
   1.56000018     ,  0.98280664062500001      ,   8.2199157497088820E-006 ,   1.6494174050877386E-003
   1.55000019     ,  0.98329316406250000      ,   8.3881978029869398E-006 ,   1.6373159820632646E-003
   1.53999996     ,  0.98403544921874997      ,   8.0252031762687021E-006 ,   1.6129191925453295E-003
   1.52999997     ,  0.98472705078125000      ,   7.3918424398135222E-006 ,   1.5894640963014565E-003
   1.51999998     ,  0.98534560546875005      ,   7.2437918059500828E-006 ,   1.5685827051768509E-003
   1.50999999     ,  0.98578525390625005      ,   7.0607426097464468E-006 ,   1.5562067088053676E-003
   1.50000000     ,  0.98664199218750004      ,   6.3498829762309969E-006 ,   1.5206425012460000E-003
   1.49000001     ,  0.98722216796874995      ,   6.2182185217933630E-006 ,   1.4986138796414337E-003
   1.48000002     ,  0.98753447265625005      ,   5.7779673642286847E-006 ,   1.4908486757809450E-003
   1.47000003     ,  0.98813222656249999      ,   5.5520798289865230E-006 ,   1.4659785272938400E-003
   1.46000004     ,  0.98872597656250005      ,   5.1438390082116649E-006 ,   1.4400712427478173E-003
   1.45000005     ,  0.98923916015625002      ,   5.1606833701434171E-006 ,   1.4178092764023491E-003
   1.44000006     ,  0.98957470703124994      ,   5.3095482748063950E-006 ,   1.4060799106998521E-003
   1.43000007     ,  0.99017695312499998      ,   4.5835335230616521E-006 ,   1.3758077807875587E-003
   1.42000008     ,  0.99064951171875004      ,   4.4864597536005940E-006 ,   1.3528500938415461E-003
   1.41000009     ,  0.99100937499999997      ,   4.2995822435865436E-006 ,   1.3369344620998331E-003
   1.40000010     ,  0.99131835937500001      ,   4.0933742808304526E-006 ,   1.3238559194558470E-003
   1.39000010     ,  0.99182343750000002      ,   3.9943996167565009E-006 ,   1.2953122738632924E-003
   1.38000011     ,  0.99206416015624999      ,   3.8003907021038200E-006 ,   1.2858949077177043E-003
   1.37000012     ,  0.99253789062499997      ,   3.4556856142325549E-006 ,   1.2573372330367419E-003
   1.36000013     ,  0.99287412109374995      ,   3.4640115116935816E-006 ,   1.2385737681649873E-003
   1.35000014     ,  0.99329443359375003      ,   3.2704863553382262E-006 ,   1.2117969553068850E-003
   1.34000015     ,  0.99361337890625001      ,   3.0733631550701800E-006 ,   1.1921872994502577E-003
   1.33000016     ,  0.99396757812500003      ,   2.7883858175966373E-006 ,   1.1683179741869582E-003
   1.32000017     ,  0.99417373046875002      ,   2.7917371699251632E-006 ,   1.1577614225807961E-003
   1.31000018     ,  0.99447998046874997      ,   2.6386152891639071E-006 ,   1.1364495694154357E-003
   1.30000019     ,  0.99475947265624998      ,   2.4325839230227149E-006 ,   1.1165998436545291E-003
   1.29000020     ,  0.99504853515625002      ,   2.4315793053539763E-006 ,   1.0947723203247510E-003
   1.27999997     ,  0.99533720703124995      ,   2.2043957636705414E-006 ,   1.0718898154205118E-003
   1.26999998     ,  0.99555263671875005      ,   2.1835560867092650E-006 ,   1.0557532500621903E-003
   1.25999999     ,  0.99585380859374995      ,   1.9687936800487675E-006 ,   1.0288790716922061E-003
   1.25000000     ,  0.99603505859374997      ,   1.8927292077239655E-006 ,   1.0148398497063929E-003
   1.24000001     ,  0.99622050781250004      ,   1.8618583504450796E-006 ,   9.9966065858806200E-004
   1.23000002     ,  0.99640537109375005      ,   1.7281084050276574E-006 ,   9.8355246468074175E-004
   1.22000003     ,  0.99669833984375000      ,   1.5787727576675016E-006 ,   9.5200073592248576E-004
   1.21000004     ,  0.99687978515624998      ,   1.5432861276925861E-006 ,   9.3417458055273183E-004
   1.20000005     ,  0.99703798828125001      ,   1.4789536362133224E-006 ,   9.1867656322129447E-004
   1.19000006     ,  0.99721054687499999      ,   1.4011630978562568E-006 ,   9.0010099879060483E-004
   1.18000007     ,  0.99737587890625001      ,   1.2971938790558317E-006 ,   8.8155337029166222E-004
   1.17000008     ,  0.99752597656249997      ,   1.2281078357095831E-006 ,   8.6446650493933257E-004
   1.16000009     ,  0.99773603515624998      ,   1.1193628912824834E-006 ,   8.3562494278350099E-004
   1.15000010     ,  0.99782294921875003      ,   1.0492667999879847E-006 ,   8.2729938186330496E-004
   1.14000010     ,  0.99791445312500004      ,   1.0155063310744310E-006 ,   8.1795164117023640E-004
   1.13000011     ,  0.99812490234374995      ,   9.3541597293331553E-007 ,   7.8457541170484819E-004
   1.12000012     ,  0.99822500000000003      ,   8.6710290759832648E-007 ,   7.7151370862222268E-004
   1.11000013     ,  0.99834277343750000      ,   8.4523971603105672E-007 ,   7.5360100158623539E-004
   1.10000014     ,  0.99845380859374999      ,   7.2636259691542778E-007 ,   7.3618058583513899E-004
   1.09000015     ,  0.99855351562500005      ,   7.1695873573442182E-007 ,   7.2011886387787598E-004
   1.08000016     ,  0.99866640625000003      ,   6.4967873620570370E-007 ,   6.9951582164855209E-004
   1.07000017     ,  0.99876386718749999      ,   6.0014659570147205E-007 ,   6.8202839416153067E-004
   1.06000018     ,  0.99882568359375001      ,   5.9599575473903873E-007 ,   6.7244162939153343E-004
   1.05000019     ,  0.99894980468750005      ,   5.3080125706634753E-007 ,   6.4502910007824439E-004
   1.04000020     ,  0.99900634765624996      ,   5.1282335250128870E-007 ,   6.3511771988468586E-004
   1.02999997     ,  0.99905634765624995      ,   4.9268327691093847E-007 ,   6.2631403889794530E-004
   1.01999998     ,  0.99914589843750001      ,   4.6091906283494204E-007 ,   6.0500438365215597E-004
   1.00999999     ,  0.99921718749999999      ,   3.9680163816529543E-007 ,   5.8771748456505667E-004
   1.00000000     ,  0.99923964843750002      ,   4.0682033530803352E-007 ,   5.8594001764532028E-004
