   5.00000000     ,   1.0489794921875000E-002 ,   1.2686819713336519E-005 ,   3.7249408960737713E-005
   4.98999977     ,   1.0443359375000001E-002 ,   1.2779122273178787E-005 ,   3.7255336682602040E-005
   4.98000002     ,   1.0803491210937500E-002 ,   1.2651097336608455E-005 ,   3.8066440171735457E-005
   4.96999979     ,   1.0508691406249999E-002 ,   1.2932143172949508E-005 ,   3.7607440775610246E-005
   4.96000004     ,   1.0946948242187501E-002 ,   1.3652570550912929E-005 ,   3.9043968872463377E-005
   4.94999981     ,   1.0682934570312500E-002 ,   1.3226749998795538E-005 ,   3.8284322269035562E-005
   4.94000006     ,   1.0523681640624999E-002 ,   1.2912110190099085E-005 ,   3.7817239265159017E-005
   4.92999983     ,   1.0681958007812501E-002 ,   1.2848957766126241E-005 ,   3.8209121548853732E-005
   4.92000008     ,   1.0720849609374999E-002 ,   1.3442380648544102E-005 ,   3.8675648347380894E-005
   4.90999985     ,   1.0481005859375000E-002 ,   1.3166123414146755E-005 ,   3.8044318169347541E-005
   4.90000010     ,   1.0393408203124999E-002 ,   1.2932843831715427E-005 ,   3.7781511379110637E-005
   4.88999987     ,   1.0863720703125000E-002 ,   1.3361206201034759E-005 ,   3.9157480915508125E-005
   4.88000011     ,   1.0895556640625000E-002 ,   1.3921152521243490E-005 ,   3.9588289978463314E-005
   4.86999989     ,   1.0615893554687500E-002 ,   1.3087742040499418E-005 ,   3.8569099433998012E-005
   4.86000013     ,   1.0873071289062499E-002 ,   1.4124033475241238E-005 ,   3.9774419142735584E-005
   4.84999990     ,   1.1107446289062500E-002 ,   1.4478147888533340E-005 ,   4.0567438400797062E-005
   4.84000015     ,   1.0932763671875000E-002 ,   1.4371709377190029E-005 ,   4.0175047381221248E-005
   4.82999992     ,   1.0847705078125000E-002 ,   1.3568998908906584E-005 ,   3.9628152338728655E-005
   4.82000017     ,   1.0672143554687499E-002 ,   1.3543273070929706E-005 ,   3.9270423699536599E-005
   4.80999994     ,   1.0935522460937500E-002 ,   1.4214079031563849E-005 ,   4.0304773075982447E-005
   4.80000019     ,   1.1088208007812499E-002 ,   1.4100769952393091E-005 ,   4.0675258296386998E-005
   4.78999996     ,   1.0776220703125000E-002 ,   1.3616638142652344E-005 ,   3.9755720496058060E-005
   4.78000021     ,   1.0759301757812499E-002 ,   1.4185457946848871E-005 ,   4.0081777648752553E-005
   4.76999998     ,   1.0891406249999999E-002 ,   1.3990876008301983E-005 ,   4.0361141720680983E-005
   4.76000023     ,   1.0743554687500000E-002 ,   1.3581670933301241E-005 ,   3.9865102483997097E-005
   4.75000000     ,   1.0793457031250000E-002 ,   1.3682665424900086E-005 ,   4.0106057579671383E-005
   4.73999977     ,   1.0786450195312500E-002 ,   1.3898705931706609E-005 ,   4.0272066393299939E-005
   4.73000002     ,   1.1269848632812499E-002 ,   1.4839212564236434E-005 ,   4.1982020281704998E-005
   4.71999979     ,   1.0946386718749999E-002 ,   1.4733204433174071E-005 ,   4.1226907770498149E-005
   4.71000004     ,   1.1127685546875000E-002 ,   1.4746911989402277E-005 ,   4.1739701238685874E-005
   4.69999981     ,   1.1253222656250001E-002 ,   1.5449554859000533E-005 ,   4.2468877700315165E-005
   4.69000006     ,   1.0880517578125000E-002 ,   1.5089514993731603E-005 ,   4.1467756948189894E-005
   4.67999983     ,   1.0846386718750000E-002 ,   1.4437012352063195E-005 ,   4.1120685823188780E-005
   4.67000008     ,   1.0886962890625001E-002 ,   1.4267558944536684E-005 ,   4.1202745974769711E-005
   4.65999985     ,   1.1209033203125000E-002 ,   1.5615544734592010E-005 ,   4.2743366243540988E-005
   4.65000010     ,   1.1057788085937501E-002 ,   1.4556691424005138E-005 ,   4.1913663165053352E-005
   4.63999987     ,   1.1178613281249999E-002 ,   1.5699488982354651E-005 ,   4.2862246803585602E-005
   4.63000011     ,   1.1154687500000000E-002 ,   1.5373948913048320E-005 ,   4.2715483442769541E-005
   4.61999989     ,   1.1248974609375000E-002 ,   1.5946636243458000E-005 ,   4.3308745690473500E-005
   4.61000013     ,   1.1218237304687500E-002 ,   1.4637745071464632E-005 ,   4.2650135711887014E-005
   4.59999990     ,   1.1276000976562501E-002 ,   1.5467240893835393E-005 ,   4.3288520414531770E-005
   4.59000015     ,   1.1425878906250001E-002 ,   1.6510266014232851E-005 ,   4.4252898016838702E-005
   4.57999992     ,   1.1274731445312500E-002 ,   1.6037258666652207E-005 ,   4.3725944144485113E-005
   4.57000017     ,   1.1455590820312500E-002 ,   1.6598521475037806E-005 ,   4.4527567060808794E-005
   4.55999994     ,   1.1496459960937500E-002 ,   1.5908359803432702E-005 ,   4.4368625999436091E-005
   4.55000019     ,   1.0934399414062500E-002 ,   1.4463513014094012E-005 ,   4.2313907866316758E-005
   4.53999996     ,   1.1319580078125000E-002 ,   1.6125146069387775E-005 ,   4.4195859959623158E-005
   4.53000021     ,   1.1411718750000001E-002 ,   1.7357109059127380E-005 ,   4.5112187749037459E-005
   4.51999998     ,   1.1453173828125000E-002 ,   1.7239698112316306E-005 ,   4.5238349406986928E-005
   4.51000023     ,   1.1304687500000000E-002 ,   1.6842900543964922E-005 ,   4.4755964235971810E-005
   4.50000000     ,   1.1649926757812500E-002 ,   1.6717101359279544E-005 ,   4.5639841133954400E-005
   4.48999977     ,   1.1513916015625000E-002 ,   1.6795559742126711E-005 ,   4.5418912454459210E-005
   4.48000002     ,   1.1429760742187500E-002 ,   1.6682040110660369E-005 ,   4.5234118990544524E-005
   4.47000027     ,   1.1518945312500001E-002 ,   1.7367278201999806E-005 ,   4.5877509629408655E-005
   4.46000004     ,   1.1611425781250000E-002 ,   1.6835477728247265E-005 ,   4.5935938566367414E-005
   4.44999981     ,   1.1655737304687500E-002 ,   1.7009654319042994E-005 ,   4.6218380293883119E-005
   4.44000006     ,   1.1907885742187501E-002 ,   1.8087334046317139E-005 ,   4.7463906004146858E-005
   4.42999983     ,   1.1315893554687500E-002 ,   1.6502881144266617E-005 ,   4.5272595565675074E-005
   4.42000008     ,   1.1879565429687501E-002 ,   1.7712287133234546E-005 ,   4.7388793294187523E-005
   4.40999985     ,   1.1832592773437499E-002 ,   1.8851764646968074E-005 ,   4.7898623675734871E-005
   4.40000010     ,   1.1587744140625000E-002 ,   1.7564665378078569E-005 ,   4.6744820299681715E-005
   4.38999987     ,   1.1497192382812500E-002 ,   1.7632975988411522E-005 ,   4.6633134337332008E-005
   4.38000011     ,   1.1894873046875001E-002 ,   1.8432873058528202E-005 ,   4.8126921943911391E-005
   4.36999989     ,   1.1888452148437499E-002 ,   1.8157910340438434E-005 ,   4.8069812313851570E-005
   4.36000013     ,   1.1688916015625000E-002 ,   1.7261649269428199E-005 ,   4.7210576393045662E-005
   4.34999990     ,   1.1868823242187500E-002 ,   1.8037408097120259E-005 ,   4.8142517830543928E-005
   4.34000015     ,   1.2085058593750000E-002 ,   1.9090807656068735E-005 ,   4.9294792056558578E-005
   4.32999992     ,   1.2161254882812500E-002 ,   1.9226644136435009E-005 ,   4.9650257749605609E-005
   4.32000017     ,   1.1517333984374999E-002 ,   1.7524861817585195E-005 ,   4.7248649910319882E-005
   4.30999994     ,   1.1865209960937500E-002 ,   1.8583658709339656E-005 ,   4.8760342901957108E-005
   4.30000019     ,   1.1904736328125000E-002 ,   1.8075397044080270E-005 ,   4.8715116027685374E-005
   4.28999996     ,   1.2015722656250000E-002 ,   1.8650131968095044E-005 ,   4.9375043729120017E-005
   4.28000021     ,   1.1807739257812500E-002 ,   1.8426752189472929E-005 ,   4.8813497675140304E-005
   4.26999998     ,   1.1745336914062500E-002 ,   1.8687853007765397E-005 ,   4.8867373368686783E-005
   4.26000023     ,   1.2177490234374999E-002 ,   1.9222804622391532E-005 ,   5.0360473826869727E-005
   4.25000000     ,   1.2073901367187501E-002 ,   1.9493495760075619E-005 ,   5.0308302344915956E-005
   4.23999977     ,   1.1954052734375000E-002 ,   1.9353007561253255E-005 ,   5.0020638189015257E-005
   4.23000002     ,   1.2082397460937500E-002 ,   2.0162930578785553E-005 ,   5.0837875541145926E-005
   4.22000027     ,   1.2454931640625000E-002 ,   2.0298651830201290E-005 ,   5.1995488412495058E-005
   4.21000004     ,   1.2175170898437501E-002 ,   1.9741667735468368E-005 ,   5.1087517145133906E-005
   4.19999981     ,   1.2459448242187501E-002 ,   2.0227439265034921E-005 ,   5.2178769055943542E-005
   4.19000006     ,   1.2270556640624999E-002 ,   2.1035013537615484E-005 ,   5.2140874694653498E-005
   4.17999983     ,   1.2275634765625000E-002 ,   2.1638442726327572E-005 ,   5.2531633242023924E-005
   4.17000008     ,   1.2272973632812500E-002 ,   2.0265147972314482E-005 ,   5.1997603082288742E-005
   4.15999985     ,   1.2906787109375000E-002 ,   2.2657477086880706E-005 ,   5.4897471646987843E-005
   4.15000010     ,   1.2646459960937500E-002 ,   2.1513984206040243E-005 ,   5.3789897274928582E-005
   4.13999987     ,   1.2293945312500000E-002 ,   2.0770312589503567E-005 ,   5.2596469008889860E-005
   4.13000011     ,   1.1935424804687501E-002 ,   1.9864186563160938E-005 ,   5.1300086896605614E-005
   4.11999989     ,   1.2623828125000000E-002 ,   2.2117310951326847E-005 ,   5.4319258219040103E-005
   4.11000013     ,   1.2861547851562500E-002 ,   2.2781539900533420E-005 ,   5.5374522125300476E-005
   4.09999990     ,   1.2184838867187501E-002 ,   2.0960447578388498E-005 ,   5.2803971619565792E-005
   4.09000015     ,   1.2297680664062500E-002 ,   2.1375994340300688E-005 ,   5.3410958749293435E-005
   4.07999992     ,   1.2819799804687500E-002 ,   2.2574152634308195E-005 ,   5.5500976962345746E-005
   4.07000017     ,   1.2764111328124999E-002 ,   2.2942165386437291E-005 ,   5.5620745913206526E-005
   4.05999994     ,   1.2946069335937499E-002 ,   2.3250609639560194E-005 ,   5.6374306455373345E-005
   4.05000019     ,   1.2761083984374999E-002 ,   2.2746278060532548E-005 ,   5.5750294147308595E-005
   4.03999996     ,   1.2999462890625001E-002 ,   2.2599434305610716E-005 ,   5.6468204425429054E-005
   4.03000021     ,   1.2835327148437501E-002 ,   2.2979520601746833E-005 ,   5.6288409441621551E-005
   4.01999998     ,   1.3008935546874999E-002 ,   2.3753559671458501E-005 ,   5.7230327629187390E-005
   4.01000023     ,   1.2528564453125000E-002 ,   2.3354548450556079E-005 ,   5.5824027714408655E-005
   4.00000000     ,   1.2730493164062500E-002 ,   2.3236718553155662E-005 ,   5.6452114568953026E-005
   3.99000001     ,   1.3248046875000001E-002 ,   2.4725095493983192E-005 ,   5.8679681363241373E-005
   3.98000002     ,   1.2988476562500000E-002 ,   2.4735056227315287E-005 ,   5.8069527654053137E-005
   3.97000003     ,   1.2747314453125000E-002 ,   2.3758599587436425E-005 ,   5.7079413956835200E-005
   3.96000004     ,   1.2597778320312499E-002 ,   2.3546189871864011E-005 ,   5.6678677560852478E-005
   3.95000005     ,   1.2965942382812500E-002 ,   2.5262588114870713E-005 ,   5.8593365241131298E-005
   3.94000006     ,   1.2685107421874999E-002 ,   2.4443528917516111E-005 ,   5.7559207823672993E-005
   3.93000007     ,   1.3536621093750000E-002 ,   2.8909042781574775E-005 ,   6.1990977122356369E-005
   3.92000008     ,   1.2792407226562500E-002 ,   2.4179110258587494E-005 ,   5.7988572023055281E-005
   3.90999985     ,   1.3004858398437499E-002 ,   2.4832054911978904E-005 ,   5.9006586675069620E-005
   3.90000010     ,   1.3600439453125000E-002 ,   2.6306806201253941E-005 ,   6.1483498290069790E-005
   3.88999987     ,   1.3141406249999999E-002 ,   2.5093012130905826E-005 ,   5.9763557743904660E-005
   3.88000011     ,   1.3249218750000000E-002 ,   2.5224388483898009E-005 ,   6.0260537265847130E-005
   3.86999989     ,   1.3392651367187499E-002 ,   2.5476251553260144E-005 ,   6.0916071202087809E-005
   3.86000013     ,   1.3386132812500000E-002 ,   2.6279237878040461E-005 ,   6.1366452233813014E-005
   3.84999990     ,   1.2993530273437500E-002 ,   2.5008751346133444E-005 ,   5.9801811279121789E-005
   3.84000015     ,   1.3839379882812501E-002 ,   2.8952975534448469E-005 ,   6.4066333190087465E-005
   3.82999992     ,   1.3144824218750000E-002 ,   2.5804955175540316E-005 ,   6.0846781060414133E-005
   3.82000017     ,   1.3534423828124999E-002 ,   2.6316648881927563E-005 ,   6.2348718001097657E-005
   3.80999994     ,   1.3577441406250000E-002 ,   2.7299117828112790E-005 ,   6.3022021913877336E-005
   3.80000019     ,   1.3672119140624999E-002 ,   2.6328663589709548E-005 ,   6.3036458404591627E-005
   3.78999996     ,   1.3749316406250000E-002 ,   2.8761464181525931E-005 ,   6.4410305763315696E-005
   3.77999997     ,   1.4023852539062499E-002 ,   2.9856281628254751E-005 ,   6.5811831366172232E-005
   3.76999998     ,   1.3466406250000000E-002 ,   2.8120482335423682E-005 ,   6.3580382531674601E-005
   3.75999999     ,   1.4186352539062501E-002 ,   2.9521209182099303E-005 ,   6.6452632375235761E-005
   3.75000000     ,   1.3968969726562501E-002 ,   3.0128448855860514E-005 ,   6.6186955875757825E-005
   3.74000001     ,   1.4277416992187500E-002 ,   3.0465677557122225E-005 ,   6.7397214302840385E-005
   3.73000002     ,   1.4550585937500001E-002 ,   3.1941397237999477E-005 ,   6.8953618605828334E-005
   3.72000003     ,   1.4395751953125001E-002 ,   3.0547964622455783E-005 ,   6.8088082734895570E-005
   3.71000004     ,   1.4269238281250001E-002 ,   3.0877612789477435E-005 ,   6.7982896131218710E-005
   3.70000005     ,   1.4135913085937500E-002 ,   3.1026318321549618E-005 ,   6.7785853650684905E-005
   3.69000006     ,   1.3923876953125001E-002 ,   2.9972497073841855E-005 ,   6.6864685378242226E-005
   3.68000007     ,   1.4533496093750001E-002 ,   3.1775048406579282E-005 ,   6.9604161893105495E-005
   3.67000008     ,   1.4606860351562501E-002 ,   3.4652627574554972E-005 ,   7.1097829605611354E-005
   3.66000009     ,   1.4461108398437500E-002 ,   3.2112744541757891E-005 ,   6.9824617424968412E-005
   3.65000010     ,   1.4407275390625000E-002 ,   3.2020688653817905E-005 ,   6.9778604245311537E-005
   3.63999987     ,   1.5315722656249999E-002 ,   3.4474049633972898E-005 ,   7.3709135857469326E-005
   3.63000011     ,   1.4710742187500001E-002 ,   3.2661498650827950E-005 ,   7.1291338400980637E-005
   3.61999989     ,   1.4948657226562500E-002 ,   3.5141962708478787E-005 ,   7.3144806877851998E-005
   3.61000013     ,   1.4612133789062500E-002 ,   3.2341307399973702E-005 ,   7.1181700603768557E-005
   3.59999990     ,   1.4542578125000000E-002 ,   3.3309224363342936E-005 ,   7.1501756991103934E-005
   3.59000015     ,   1.5047656249999999E-002 ,   3.6372705385933444E-005 ,   7.4418886634169382E-005
   3.57999992     ,   1.5269482421874999E-002 ,   3.6825623101601485E-005 ,   7.5456192425490842E-005
   3.57000017     ,   1.4506420898437501E-002 ,   3.5022229208008474E-005 ,   7.2543399419951852E-005
   3.55999994     ,   1.4933471679687499E-002 ,   3.4783242111553105E-005 ,   7.3969438530151695E-005
   3.55000019     ,   1.4666308593750000E-002 ,   3.6346206982793061E-005 ,   7.3887837839046899E-005
   3.53999996     ,   1.5157055664062500E-002 ,   3.5224233431637281E-005 ,   7.5196922538236222E-005
   3.53000021     ,   1.5105688476562500E-002 ,   3.5504092831037200E-005 ,   7.5312197253513870E-005
   3.51999998     ,   1.5626708984375001E-002 ,   4.1759404057147534E-005 ,   7.9447393157905917E-005
   3.50999999     ,   1.5437255859375000E-002 ,   3.6818850165551557E-005 ,   7.7229308442721385E-005
   3.50000000     ,   1.5766845703125001E-002 ,   4.1915705357768214E-005 ,   8.0320006545198713E-005
   3.49000001     ,   1.4743188476562500E-002 ,   3.7586634856018059E-005 ,   7.5637911092632946E-005
   3.48000002     ,   1.5554077148437500E-002 ,   3.9537648723463123E-005 ,   7.9153645443616244E-005
   3.47000003     ,   1.5470751953125000E-002 ,   4.0339114639622252E-005 ,   7.9360887706273736E-005
   3.46000004     ,   1.5716479492187501E-002 ,   4.0526087205153761E-005 ,   8.0415205894393340E-005
   3.45000005     ,   1.5409643554687500E-002 ,   3.9147889705790591E-005 ,   7.9102189812313182E-005
   3.44000006     ,   1.5708227539062501E-002 ,   4.1269811641496011E-005 ,   8.1037988677548593E-005
   3.43000007     ,   1.5700952148437499E-002 ,   4.3022935088533869E-005 ,   8.1833701920220285E-005
   3.42000008     ,   1.6365844726562499E-002 ,   4.6037774420831776E-005 ,   8.5258782531687753E-005
   3.41000009     ,   1.6491528320312501E-002 ,   4.8777204289878048E-005 ,   8.6806356944268029E-005
   3.40000010     ,   1.6040454101562501E-002 ,   4.3170892496827001E-005 ,   8.3595036993036796E-005
   3.38999987     ,   1.6298681640625000E-002 ,   4.2030259632586395E-005 ,   8.4260836790166004E-005
   3.38000011     ,   1.6938818359375000E-002 ,   4.8389918493043037E-005 ,   8.8784865268392454E-005
   3.36999989     ,   1.5855786132812501E-002 ,   4.0161291559496121E-005 ,   8.2511793311294717E-005
   3.36000013     ,   1.6351147460937500E-002 ,   4.7274504461728861E-005 ,   8.6874263376530690E-005
   3.34999990     ,   1.6962036132812500E-002 ,   4.6475731883844672E-005 ,   8.8873830627888168E-005
   3.34000015     ,   1.6532250976562499E-002 ,   4.9537549048204671E-005 ,   8.8673134070572023E-005
   3.32999992     ,   1.6814599609375001E-002 ,   4.8110942719539447E-005 ,   8.9360817550483866E-005
   3.32000017     ,   1.6511108398437498E-002 ,   4.6790533363668977E-005 ,   8.8102083227741598E-005
   3.30999994     ,   1.6616210937500001E-002 ,   5.0342111803840525E-005 ,   8.9879598416112193E-005
   3.30000019     ,   1.6532861328124999E-002 ,   4.9816841880210834E-005 ,   8.9641611734236893E-005
   3.28999996     ,   1.7689453125000001E-002 ,   5.2624562336872003E-005 ,   9.4744654956793986E-005
   3.28000021     ,   1.7424780273437499E-002 ,   5.1950096885942658E-005 ,   9.3850410597161364E-005
   3.26999998     ,   1.6306640625000000E-002 ,   4.7520706920234765E-005 ,   8.8750554119318981E-005
   3.25999999     ,   1.7863061523437501E-002 ,   5.3806501583795358E-005 ,   9.6443417553694432E-005
   3.25000000     ,   1.7566088867187499E-002 ,   5.3562971781029764E-005 ,   9.5574423317386099E-005
   3.24000001     ,   1.7936450195312498E-002 ,   5.5773481839091287E-005 ,   9.7812716356912081E-005
   3.23000002     ,   1.7134301757812501E-002 ,   5.1734661146736489E-005 ,   9.3954052364261258E-005
   3.22000003     ,   1.7116479492187500E-002 ,   5.2804786446064397E-005 ,   9.4482537309280206E-005
   3.21000004     ,   1.8902954101562501E-002 ,   6.5712492791443526E-005 ,   1.0499282171694606E-004
   3.20000005     ,   1.7987304687500000E-002 ,   5.3972248435020431E-005 ,   9.8425971790963557E-005
   3.19000006     ,   1.8451000976562500E-002 ,   6.0959915502797212E-005 ,   1.0250500893550828E-004
   3.18000007     ,   1.7562353515625000E-002 ,   5.5563511289257836E-005 ,   9.7928878305614329E-005
   3.17000008     ,   1.8610693359375000E-002 ,   5.8542632548856511E-005 ,   1.0286573192662165E-004
   3.16000009     ,   1.9154736328125001E-002 ,   6.5925396192840813E-005 ,   1.0730576221282154E-004
   3.15000010     ,   1.8621142578125000E-002 ,   6.2561101574604819E-005 ,   1.0466746135773933E-004
   3.13999987     ,   1.8657153320312501E-002 ,   6.5536780975357969E-005 ,   1.0596706827571966E-004
   3.13000011     ,   1.8137670898437500E-002 ,   5.9547660578366602E-005 ,   1.0254482900828057E-004
   3.11999989     ,   1.8337719726562500E-002 ,   6.5977785021570666E-005 ,   1.0550948003903236E-004
   3.11000013     ,   2.0160986328125002E-002 ,   7.2877835303342757E-005 ,   1.1438222438533318E-004
   3.09999990     ,   2.0816308593749999E-002 ,   7.8587150782176768E-005 ,   1.1865365476134134E-004
   3.09000015     ,   1.9231713867187500E-002 ,   6.4997032945664820E-005 ,   1.0930408466530521E-004
   3.07999992     ,   2.0111425781250001E-002 ,   7.0101237306620181E-005 ,   1.1432966684666451E-004
   3.07000017     ,   1.8740527343750001E-002 ,   6.4529529024673872E-005 ,   1.0793622891358110E-004
   3.05999994     ,   2.0274560546875001E-002 ,   7.5480662008799249E-005 ,   1.1706620750001399E-004
   3.05000019     ,   1.8955053710937499E-002 ,   7.0293168816798688E-005 ,   1.1102707604044664E-004
   3.03999996     ,   2.0621337890625001E-002 ,   8.1128214055363197E-005 ,   1.2054186230606639E-004
   3.03000021     ,   2.1086572265624999E-002 ,   9.0238813029547060E-005 ,   1.2502595592331228E-004
   3.01999998     ,   2.0111669921874999E-002 ,   8.4382949704523607E-005 ,   1.2020197675754923E-004
   3.00999999     ,   2.1212792968750002E-002 ,   8.3615465648892320E-005 ,   1.2441164708083466E-004
   3.00000000     ,   2.1923901367187498E-002 ,   9.5238139485661328E-005 ,   1.3045104813680031E-004
   2.99000001     ,   2.2102978515625000E-002 ,   8.6899551942103874E-005 ,   1.2934207016481177E-004
   2.98000002     ,   2.0311816406249999E-002 ,   8.2038127463136782E-005 ,   1.2160545646894318E-004
   2.97000003     ,   2.1374487304687498E-002 ,   9.1115606314546785E-005 ,   1.2838421989537716E-004
   2.96000004     ,   2.2688085937500001E-002 ,   1.0037153884357510E-004 ,   1.3607694847153477E-004
   2.95000005     ,   2.1651391601562500E-002 ,   9.5979251506884489E-005 ,   1.3140643497678518E-004
   2.94000006     ,   2.2318066406250000E-002 ,   1.0194414515490180E-004 ,   1.3581402831718746E-004
   2.93000007     ,   2.2828564453124998E-002 ,   1.0403443542988300E-004 ,   1.3865915843503729E-004
   2.92000008     ,   2.2863989257812498E-002 ,   1.0277973975257602E-004 ,   1.3887412706475055E-004
   2.91000009     ,   2.1824902343750001E-002 ,   9.4808577131581950E-005 ,   1.3323910361531113E-004
   2.90000010     ,   2.3627954101562501E-002 ,   1.1007227418543840E-004 ,   1.4439341517863242E-004
   2.89000010     ,   2.3618847656250001E-002 ,   1.1091874751410934E-004 ,   1.4496853846501830E-004
   2.88000011     ,   2.3449584960937499E-002 ,   1.1301361006670748E-004 ,   1.4521993339030499E-004
   2.87000012     ,   2.4504077148437501E-002 ,   1.1264824858305739E-004 ,   1.4969583041876298E-004
   2.86000013     ,   2.2845288085937498E-002 ,   1.0880501198227234E-004 ,   1.4266385471984141E-004
   2.85000014     ,   2.5004785156250001E-002 ,   1.2354598710624966E-004 ,   1.5505358178600950E-004
   2.84000015     ,   2.4385742187500000E-002 ,   1.1370462129851931E-004 ,   1.5077195827684615E-004
   2.83000016     ,   2.4307080078125001E-002 ,   1.1213797863257892E-004 ,   1.5052835373410397E-004
   2.81999993     ,   2.4523315429687501E-002 ,   1.0981566732948683E-004 ,   1.5130197647232916E-004
   2.80999994     ,   2.7718310546875000E-002 ,   1.4465038734669497E-004 ,   1.7239723392320863E-004
   2.79999995     ,   2.4195385742187499E-002 ,   1.2188345210934246E-004 ,   1.5368199725197804E-004
   2.78999996     ,   2.6556860351562499E-002 ,   1.4203382865284224E-004 ,   1.6814065821935952E-004
   2.77999997     ,   2.6370385742187499E-002 ,   1.5331504229417557E-004 ,   1.7027394556321104E-004
   2.76999998     ,   2.8230664062500001E-002 ,   1.4477682814376976E-004 ,   1.7660549180687025E-004
   2.75999999     ,   2.5585131835937500E-002 ,   1.3566817648886305E-004 ,   1.6428546463026719E-004
   2.75000000     ,   2.8933325195312502E-002 ,   1.6537065416194396E-004 ,   1.8472145737531912E-004
   2.74000001     ,   2.9704736328124998E-002 ,   1.6241726769991824E-004 ,   1.8792131915295891E-004
   2.73000002     ,   2.7788330078125000E-002 ,   1.6356511041760999E-004 ,   1.8073507026084389E-004
   2.72000003     ,   2.8715209960937502E-002 ,   1.6553452566416698E-004 ,   1.8552098613285051E-004
   2.71000004     ,   3.1203100585937501E-002 ,   2.3402861902532628E-004 ,   2.0908322255480303E-004
   2.70000005     ,   3.3339453125000001E-002 ,   2.1817244789012946E-004 ,   2.1581463299373234E-004
   2.69000006     ,   3.3928173828124998E-002 ,   2.0484662157236583E-004 ,   2.1671688786015889E-004
   2.68000007     ,   2.9108642578125000E-002 ,   1.7027547299855301E-004 ,   1.9040469493332928E-004
   2.67000008     ,   3.5327929687500002E-002 ,   2.7061363760837203E-004 ,   2.3489554712566150E-004
   2.66000009     ,   3.0411230468750002E-002 ,   1.9375282952164332E-004 ,   2.0162098841640884E-004
   2.65000010     ,   3.5576318359374998E-002 ,   2.5743221342068654E-004 ,   2.3530203074895395E-004
   2.64000010     ,   3.3077319335937501E-002 ,   2.2116964790152638E-004 ,   2.1925133575030159E-004
   2.63000011     ,   3.5328515625000001E-002 ,   2.9137224217067574E-004 ,   2.4109912873724790E-004
   2.62000012     ,   3.5418725585937498E-002 ,   2.7168916844266415E-004 ,   2.3911815440325559E-004
   2.61000013     ,   3.4636865234375001E-002 ,   2.5550984519910543E-004 ,   2.3388038612886966E-004
   2.60000014     ,   3.3718017578125002E-002 ,   2.6217690883553936E-004 ,   2.3174520804793061E-004
   2.59000015     ,   3.7342993164062498E-002 ,   3.2240218518340963E-004 ,   2.5753562910845200E-004
   2.58000016     ,   3.8529907226562500E-002 ,   3.2966291099795377E-004 ,   2.6456896277188665E-004
   2.57000017     ,   4.0456249999999999E-002 ,   3.8519649534212753E-004 ,   2.8165205499816734E-004
   2.55999994     ,   4.0466528320312500E-002 ,   3.4536343764490448E-004 ,   2.7705815344539837E-004
   2.54999995     ,   4.3202929687500002E-002 ,   4.0999788216214574E-004 ,   2.9883836361159233E-004
   2.53999996     ,   4.2379711914062500E-002 ,   4.1012313030036282E-004 ,   2.9617709372506792E-004
   2.52999997     ,   4.6718701171875002E-002 ,   4.6764744433703132E-004 ,   3.2374685165535044E-004
   2.51999998     ,   4.5961865234375003E-002 ,   4.8283343088798236E-004 ,   3.2326779740938285E-004
   2.50999999     ,   4.7763012695312503E-002 ,   5.1967693635915216E-004 ,   3.3678126657982752E-004
   2.50000000     ,   4.8972460937499997E-002 ,   5.3638061089033803E-004 ,   3.4526611639413527E-004
   2.49000001     ,   5.0493774414062498E-002 ,   6.1506827879502491E-004 ,   3.6209161154904598E-004
   2.48000002     ,   5.3192822265625002E-002 ,   6.2751255578350005E-004 ,   3.7681566840517655E-004
   2.47000003     ,   5.5485351562500000E-002 ,   7.2957199462717374E-004 ,   3.9902050512680170E-004
   2.46000004     ,   5.9258544921875003E-002 ,   8.0869567711920457E-004 ,   4.2520824911168224E-004
   2.45000005     ,   6.0439282226562502E-002 ,   8.5894710350125866E-004 ,   4.3672248923418784E-004
   2.44000006     ,   6.3142089843749999E-002 ,   9.1010366390197397E-004 ,   4.5523332047203057E-004
   2.43000007     ,   6.5755322265624999E-002 ,   1.0100045049718607E-003 ,   4.7751278050127025E-004
   2.42000008     ,   7.1122387695312497E-002 ,   1.1866085514581068E-003 ,   5.1833087514448141E-004
   2.41000009     ,   7.3745898437499999E-002 ,   1.2494226237711396E-003 ,   5.3712150921448253E-004
   2.40000010     ,   8.0174194335937504E-002 ,   1.4856831079099117E-003 ,   5.8611449116055786E-004
   2.39000010     ,   8.3678295898437505E-002 ,   1.5854279376760591E-003 ,   6.1135939802759397E-004
   2.38000011     ,   8.8812304687499996E-002 ,   1.8621559386751388E-003 ,   6.5545638240237648E-004
   2.37000012     ,   9.6311572265625006E-002 ,   2.1049595641174342E-003 ,   7.0760598040947890E-004
   2.36000013     ,  0.10828872070312499      ,   2.7000582361972072E-003 ,   7.9883895046876788E-004
   2.35000014     ,  0.12040480957031249      ,   3.2139020600074689E-003 ,   8.8370974810532735E-004
   2.34000015     ,  0.13211791992187499      ,   3.8177696212086574E-003 ,   9.6872668713120311E-004
   2.33000016     ,  0.15002705078125000      ,   4.9225119102539591E-003 ,   1.0996903274559085E-003
   2.32000017     ,  0.17717780761718749      ,   6.5405724831481341E-003 ,   1.2844240210298616E-003
   2.30999994     ,  0.21564731445312499      ,   8.6036406452556294E-003 ,   1.5240573482345656E-003
   2.29999995     ,  0.27170422363281249      ,   1.1439602593660388E-002 ,   1.8457267412997657E-003
   2.28999996     ,  0.34290310058593748      ,   1.3919622245744959E-002 ,   2.2020910536517274E-003
   2.27999997     ,  0.44810666503906249      ,   1.3508213211731790E-002 ,   2.6166755626648897E-003
   2.26999998     ,  0.54590073242187498      ,   9.6430525980560847E-003 ,   2.9060556716004977E-003
   2.25999999     ,  0.61958852539062503      ,   5.6902699626663585E-003 ,   3.0615068549990983E-003
   2.25000000     ,  0.67078894042968751      ,   2.6629352687915285E-003 ,   3.1306580685864999E-003
   2.24000001     ,  0.70663937988281245      ,   1.4066379144748620E-003 ,   3.1570972676020193E-003
   2.23000002     ,  0.73382609863281245      ,   7.8572550251395756E-004 ,   3.1608835372602100E-003
   2.22000003     ,  0.75350351562499995      ,   5.3481073819752181E-004 ,   3.1551561272390493E-003
   2.21000004     ,  0.77035341796875001      ,   3.8659795538733492E-004 ,   3.1426106932667596E-003
   2.20000005     ,  0.78492641601562496      ,   3.0235114874997687E-004 ,   3.1257125738550825E-003
   2.19000006     ,  0.79748073730468749      ,   2.2374744428037139E-004 ,   3.1067494582983886E-003
   2.18000007     ,  0.80847951660156248      ,   1.9301303179856559E-004 ,   3.0864174035537826E-003
   2.17000008     ,  0.81880424804687502      ,   1.4908320549370327E-004 ,   3.0632666862630423E-003
   2.16000009     ,  0.82719528808593745      ,   1.2840310309585059E-004 ,   3.0431330690931140E-003
   2.15000010     ,  0.83580192871093750      ,   1.1466498829575679E-004 ,   3.0183108881506973E-003
   2.14000010     ,  0.84315729980468745      ,   9.9173827929835483E-005 ,   2.9959306962989893E-003
   2.13000011     ,  0.85072009277343752      ,   8.0883511784260022E-005 ,   2.9690728916898523E-003
   2.12000012     ,  0.85683249511718751      ,   7.3726980240424399E-005 ,   2.9473465876521700E-003
   2.11000013     ,  0.86286237792968745      ,   6.8228273304937138E-005 ,   2.9233793164481470E-003
   2.10000014     ,  0.86876923828124997      ,   5.7566388154921098E-005 ,   2.8976825735630199E-003
   2.09000015     ,  0.87506987304687500      ,   5.2030818271952605E-005 ,   2.8663587876682941E-003
   2.08000016     ,  0.87972395019531247      ,   4.3139199887392867E-005 ,   2.8446224495538527E-003
   2.07000017     ,  0.88476718750000005      ,   4.1198719638210087E-005 ,   2.8176469521623078E-003
   2.06000018     ,  0.88618369140624997      ,   6.0364630984994011E-005 ,   2.8192498491309346E-003
   2.04999995     ,  0.89231650390624995      ,   3.4745265854048899E-005 ,   2.7794940965504889E-003
   2.03999996     ,  0.89724655761718752      ,   3.1977967646006707E-005 ,   2.7471457521973542E-003
   2.02999997     ,  0.89972836914062504      ,   3.3619797635501354E-005 ,   2.7363670938250996E-003
   2.01999998     ,  0.90405373535156253      ,   2.8547217824452604E-005 ,   2.7060274635807469E-003
   2.00999999     ,  0.90709394531249998      ,   2.6982705966415918E-005 ,   2.6874076717220883E-003
   2.00000000     ,  0.91088896484375004      ,   2.7213945941906292E-005 ,   2.6588207569424641E-003
   1.99000001     ,  0.91453608398437503      ,   2.2285915883102955E-005 ,   2.6300154506119868E-003
   1.98000002     ,  0.91776491699218754      ,   1.9519628909378887E-005 ,   2.6043097177801725E-003
   1.97000003     ,  0.92021813964843746      ,   2.1051493492274818E-005 ,   2.5866855977624012E-003
   1.96000004     ,  0.92320761718750000      ,   1.8386937029303142E-005 ,   2.5611442080414092E-003
   1.95000005     ,  0.92668771972656250      ,   1.4643082100206723E-005 ,   2.5271457147824487E-003
   1.94000006     ,  0.92834157714843746      ,   1.7127328691939413E-005 ,   2.5169974565757021E-003
   1.93000007     ,  0.93113828124999998      ,   1.5322185565369748E-005 ,   2.4894780643868611E-003
   1.92000008     ,  0.93398415527343748      ,   1.2813248157692169E-005 ,   2.4596140433281312E-003
   1.91000009     ,  0.93603066406250002      ,   1.2913035079554511E-005 ,   2.4405308162257795E-003
   1.90000010     ,  0.93787351074218750      ,   1.2708489035307325E-005 ,   2.4237468775701854E-003
   1.89000010     ,  0.94066459960937499      ,   1.1396349298007152E-005 ,   2.3901277256046763E-003
   1.88000011     ,  0.94233598632812499      ,   1.0517296968265374E-005 ,   2.3740604949816502E-003
   1.87000012     ,  0.94433571777343750      ,   9.9591310032273402E-006 ,   2.3512825357782834E-003
   1.86000013     ,  0.94670732421875003      ,   9.7250722268125732E-006 ,   2.3203261889326991E-003
   1.85000014     ,  0.94865776367187504      ,   8.7873292280644874E-006 ,   2.2956798239224000E-003
   1.84000015     ,  0.95035029296874995      ,   8.5546787330021323E-006 ,   2.2749115734179075E-003
   1.83000016     ,  0.95193122558593746      ,   7.8642846529494859E-006 ,   2.2553662288640423E-003
   1.82000017     ,  0.95394165039062495      ,   6.9613071042060747E-006 ,   2.2257321887149588E-003
   1.81000018     ,  0.95545932617187501      ,   6.9394396416380971E-006 ,   2.2053643233174267E-003
   1.80000019     ,  0.95697758789062504      ,   7.3246417699459108E-006 ,   2.1838779619547293E-003
   1.78999996     ,  0.95813188476562505      ,   6.7514462982134958E-006 ,   2.1697113064709640E-003
   1.77999997     ,  0.96000520019531255      ,   6.3056348203854575E-006 ,   2.1378455430182248E-003
   1.76999998     ,  0.96124494628906254      ,   6.4195923666643016E-006 ,   2.1198438410864914E-003
   1.75999999     ,  0.96266691894531253      ,   5.7270189135970793E-006 ,   2.0963305100440604E-003
   1.75000000     ,  0.96394589843750000      ,   5.4922262412316740E-006 ,   2.0754560639299978E-003
   1.74000001     ,  0.96514877929687504      ,   5.2262584742650114E-006 ,   2.0555541724721197E-003
   1.73000002     ,  0.96642324218749998      ,   4.7687533233933208E-006 ,   2.0327113334079492E-003
   1.72000003     ,  0.96771225585937504      ,   4.8643764582821707E-006 ,   2.0083664376300031E-003
   1.71000004     ,  0.96902619628906250      ,   4.2406092267347798E-006 ,   1.9821048046557059E-003
   1.70000005     ,  0.97006406249999999      ,   4.2528076386340856E-006 ,   1.9627124591522047E-003
   1.69000006     ,  0.97112155761718755      ,   4.0870442223617497E-006 ,   1.9420026593698972E-003
   1.68000007     ,  0.97213535156249997      ,   3.9699939735155341E-006 ,   1.9215212225499568E-003
   1.67000008     ,  0.97323715820312495      ,   3.7004760048129083E-006 ,   1.8973192905328345E-003
   1.66000009     ,  0.97422216796875005      ,   3.4617443408791056E-006 ,   1.8757718646450915E-003
   1.65000010     ,  0.97522175292968749      ,   3.3674267104436516E-006 ,   1.8526745745815723E-003
   1.64000010     ,  0.97612453613281247      ,   3.3358563012829885E-006 ,   1.8318954309664733E-003
   1.63000011     ,  0.97724145507812499      ,   2.8629147494538193E-006 ,   1.8022719616945027E-003
   1.62000012     ,  0.97800180664062497      ,   2.7075906781203197E-006 ,   1.7847674359596452E-003
   1.61000013     ,  0.97883137207031246      ,   2.7717017803901131E-006 ,   1.7636825709293788E-003
   1.60000014     ,  0.97961079101562498      ,   2.5496777830528454E-006 ,   1.7436203360089372E-003
   1.59000015     ,  0.98034316406249999      ,   2.4307068568911347E-006 ,   1.7245751933786442E-003
   1.58000016     ,  0.98107517089843754      ,   2.4323819509963743E-006 ,   1.7045434861638800E-003
   1.57000017     ,  0.98191362304687502      ,   2.3152191913135031E-006 ,   1.6789846345030136E-003
   1.56000018     ,  0.98272558593750003      ,   2.1603533614514561E-006 ,   1.6533092254505770E-003
   1.55000019     ,  0.98336679687499995      ,   2.0757758711850478E-006 ,   1.6343116312926233E-003
   1.53999996     ,  0.98401577148437502      ,   1.8208902219463393E-006 ,   1.6140765316053289E-003
   1.52999997     ,  0.98462226562499999      ,   1.9615981216975569E-006 ,   1.5948659628895556E-003
   1.51999998     ,  0.98533098144531250      ,   1.8230411201083328E-006 ,   1.5696404578577038E-003
   1.50999999     ,  0.98595073242187503      ,   1.6846444464423102E-006 ,   1.5477733686432701E-003
   1.50000000     ,  0.98645476074218752      ,   1.6436418510544118E-006 ,   1.5310337072547424E-003
   1.49000001     ,  0.98711347656250004      ,   1.5009568065313365E-006 ,   1.5048574227325825E-003
   1.48000002     ,  0.98757370605468753      ,   1.4659064512793161E-006 ,   1.4888609469972756E-003
   1.47000003     ,  0.98814035644531251      ,   1.4402633318128391E-006 ,   1.4657424860389811E-003
   1.46000004     ,  0.98869567871093755      ,   1.4105253122547003E-006 ,   1.4421004469905231E-003
   1.45000005     ,  0.98915109863281248      ,   1.3447708650942425E-006 ,   1.4235369710829677E-003
   1.44000006     ,  0.98966479492187498      ,   1.2132943456007274E-006 ,   1.4002949691683485E-003
   1.43000007     ,  0.99009494628906247      ,   1.1222592920546965E-006 ,   1.3814738062829564E-003
   1.42000008     ,  0.99047536621093746      ,   1.1205413678235900E-006 ,   1.3651420182583967E-003
   1.41000009     ,  0.99096538085937502      ,   1.0813451296185003E-006 ,   1.3402506082068868E-003
   1.40000010     ,  0.99141882324218755      ,   1.0468745351669950E-006 ,   1.3166590906931819E-003
   1.39000010     ,  0.99174741210937500      ,   9.5254363744726451E-007 ,   1.3013131084112248E-003
   1.38000011     ,  0.99222878417968752      ,   9.3588594025958398E-007 ,   1.2731787440641977E-003
   1.37000012     ,  0.99256135253906252      ,   9.0405751758897642E-007 ,   1.2555728050258283E-003
   1.36000013     ,  0.99291459960937500      ,   8.1427933972142410E-007 ,   1.2354506697915425E-003
   1.35000014     ,  0.99325124511718754      ,   7.5641506904676956E-007 ,   1.2155556821668973E-003
   1.34000015     ,  0.99358486328124995      ,   7.7235614330861312E-007 ,   1.1949308590738976E-003
   1.33000016     ,  0.99391320800781247      ,   7.3110054770155425E-007 ,   1.1737276587342417E-003
   1.32000017     ,  0.99423242187500005      ,   6.7625630534150334E-007 ,   1.1521455450004476E-003
   1.31000018     ,  0.99450654296874996      ,   6.6382721878955959E-007 ,   1.1338676163877225E-003
   1.30000019     ,  0.99473305664062495      ,   6.3754093351508071E-007 ,   1.1194945149916352E-003
   1.29000020     ,  0.99502907714843747      ,   5.7000982135364429E-007 ,   1.0971196490268062E-003
   1.27999997     ,  0.99531586914062498      ,   5.4376337495221083E-007 ,   1.0743079533951658E-003
   1.26999998     ,  0.99553747558593753      ,   5.2858936003816493E-007 ,   1.0577100210394648E-003
   1.25999999     ,  0.99580986328124999      ,   4.9007773026642519E-007 ,   1.0340931219012877E-003
   1.25000000     ,  0.99602800292968752      ,   4.7637117663173533E-007 ,   1.0158094478442496E-003
   1.24000001     ,  0.99620449218749996      ,   4.5595376286614306E-007 ,   1.0017770582731605E-003
   1.23000002     ,  0.99646894531249997      ,   4.1400735723739288E-007 ,   9.7533526033520383E-004
   1.22000003     ,  0.99662004394531245      ,   3.9266793846966698E-007 ,   9.6289970942884740E-004
   1.21000004     ,  0.99686811523437502      ,   3.7465629190918641E-007 ,   9.3587710411201089E-004
   1.20000005     ,  0.99700476074218747      ,   3.5397497717982921E-007 ,   9.2370523047012240E-004
   1.19000006     ,  0.99721845703125001      ,   3.2885201685050784E-007 ,   8.9896012767575091E-004
   1.18000007     ,  0.99735488281249995      ,   3.1609536982296860E-007 ,   8.8501599764164232E-004
   1.17000008     ,  0.99753266601562496      ,   2.9350046511314525E-007 ,   8.6341606927465826E-004
   1.16000009     ,  0.99770241699218754      ,   2.8443802609405174E-007 ,   8.4163470709506941E-004
   1.15000010     ,  0.99782250976562503      ,   2.7113574848304072E-007 ,   8.2757465694752055E-004
   1.14000010     ,  0.99798239746093753      ,   2.5455893197080687E-007 ,   8.0521681038513669E-004
   1.13000011     ,  0.99806948242187499      ,   2.2680488925570315E-007 ,   7.9558477741465186E-004
   1.12000012     ,  0.99821545410156254      ,   2.2337155405600854E-007 ,   7.7341971152401377E-004
   1.11000013     ,  0.99835544433593748      ,   1.9951480446349259E-007 ,   7.5092426750619074E-004
   1.10000014     ,  0.99844467773437495      ,   1.9491018358087271E-007 ,   7.3826614414147199E-004
   1.09000015     ,  0.99855153808593755      ,   1.8417545894432729E-007 ,   7.2066780760462904E-004
   1.08000016     ,  0.99864328613281250      ,   1.7046316578809621E-007 ,   7.0557350188925555E-004
   1.07000017     ,  0.99874277343749995      ,   1.5537980916283414E-007 ,   6.8746142103001001E-004
   1.06000018     ,  0.99884272460937495      ,   1.5358899961368184E-007 ,   6.6796526393789809E-004
   1.05000019     ,  0.99893029785156251      ,   1.3701162475149152E-007 ,   6.5052062356576058E-004
   1.04000020     ,  0.99901403808593747      ,   1.3223446645393511E-007 ,   6.3290071782217468E-004
   1.02999997     ,  0.99908212890625003      ,   1.1304095717809528E-007 ,   6.1870482378987798E-004
   1.01999998     ,  0.99915063476562505      ,   1.1772846480792976E-007 ,   6.0332688390647693E-004
   1.00999999     ,  0.99921984863281255      ,   1.0099917082412561E-007 ,   5.8689858482139702E-004
   1.00000000     ,  0.99927727050781245      ,   9.8340148357856094E-008 ,   5.7310782828006444E-004
