   5.00000000     ,  0.17513750000000000      ,   3.3507618936802412E-003 ,   6.0118388415565075E-004
   4.98999977     ,  0.17125625000000000      ,   3.1813644866258428E-003 ,   5.8878522217757482E-004
   4.98000002     ,  0.17375625000000000      ,   3.2675968207298576E-003 ,   5.9774785493264912E-004
   4.96999979     ,  0.17260000000000000      ,   3.3066882421016698E-003 ,   5.9747623894292870E-004
   4.96000004     ,  0.16718125000000000      ,   3.2437311141157907E-003 ,   5.8501870752327280E-004
   4.94999981     ,  0.17205000000000001      ,   3.2189807306334554E-003 ,   5.9561178684637615E-004
   4.94000006     ,  0.17133750000000000      ,   3.3244448635920184E-003 ,   5.9834716412636381E-004
   4.92999983     ,  0.16906874999999999      ,   3.1218972604803593E-003 ,   5.8817672614514753E-004
   4.92000008     ,  0.17391250000000000      ,   3.4441987720832765E-003 ,   6.0951232722367317E-004
   4.90999985     ,  0.17390625000000001      ,   3.3890848063507280E-003 ,   6.0886085366992362E-004
   4.90000010     ,  0.16936250000000000      ,   3.3759437148690083E-003 ,   5.9973909422474353E-004
   4.88999987     ,  0.16867499999999999      ,   3.1999125604750970E-003 ,   5.9378081160261424E-004
   4.88000011     ,  0.17858125000000000      ,   3.5294622373281373E-003 ,   6.2627701305625709E-004
   4.86999989     ,  0.17131874999999999      ,   3.3012392727450623E-003 ,   6.0472495384780104E-004
   4.86000013     ,  0.17944375000000001      ,   3.5756934122248970E-003 ,   6.3165689714250566E-004
   4.84999990     ,  0.17655625000000000      ,   3.5078849346284525E-003 ,   6.2446504353289598E-004
   4.84000015     ,  0.17448125000000000      ,   3.4925917404755231E-003 ,   6.2056764855889207E-004
   4.82999992     ,  0.17455625000000000      ,   3.4932709550128931E-003 ,   6.2181556505599858E-004
   4.82000017     ,  0.17110000000000000      ,   3.2872844254318635E-003 ,   6.0901304812953990E-004
   4.80999994     ,  0.17391250000000000      ,   3.5291363283588019E-003 ,   6.2363762522489282E-004
   4.80000019     ,  0.17473749999999999      ,   3.5276711073000165E-003 ,   6.2647769536225244E-004
   4.78999996     ,  0.17496249999999999      ,   3.5882531646864754E-003 ,   6.2987793763902874E-004
   4.78000021     ,  0.17843125000000001      ,   3.5338453668437948E-003 ,   6.3701276087721719E-004
   4.76999998     ,  0.17459374999999999      ,   3.5126012827686507E-003 ,   6.2898272982946503E-004
   4.76000023     ,  0.17438750000000000      ,   3.5048612341086853E-003 ,   6.2938544085864201E-004
   4.75000000     ,  0.17793750000000000      ,   3.7106834158046401E-003 ,   6.4448815672374729E-004
   4.73999977     ,  0.17521875000000001      ,   3.5086514330227364E-003 ,   6.3357938235621375E-004
   4.73000002     ,  0.17252500000000001      ,   3.5193344407349813E-003 ,   6.2899382589499215E-004
   4.71999979     ,  0.17606875000000000      ,   3.7939434084498917E-003 ,   6.4621013851202719E-004
   4.71000004     ,  0.17491250000000000      ,   3.5053724665098499E-003 ,   6.3613453264229876E-004
   4.69999981     ,  0.17356250000000001      ,   3.6130909995770767E-003 ,   6.3750160880746446E-004
   4.69000006     ,  0.17788124999999999      ,   3.6865877532700282E-003 ,   6.5049466680268137E-004
   4.67999983     ,  0.17828749999999999      ,   3.6509025142908362E-003 ,   6.5151228544326693E-004
   4.67000008     ,  0.17795000000000000      ,   3.7237787980554265E-003 ,   6.5411904890380406E-004
   4.65999985     ,  0.17848749999999999      ,   3.7738117202324711E-003 ,   6.5792639398779527E-004
   4.65000010     ,  0.18104999999999999      ,   3.8201860882380798E-003 ,   6.6624218162474947E-004
   4.63999987     ,  0.17857500000000001      ,   3.9182115471131911E-003 ,   6.6470619406442386E-004
   4.63000011     ,  0.18038124999999999      ,   3.8696145772130958E-003 ,   6.6856274680098329E-004
   4.61999989     ,  0.18061250000000001      ,   3.8670656760536864E-003 ,   6.7021359451587958E-004
   4.61000013     ,  0.18198125000000001      ,   3.8996856459566063E-003 ,   6.7548195513837650E-004
   4.59999990     ,  0.18537500000000001      ,   4.0309478343753136E-003 ,   6.8825440323282388E-004
   4.59000015     ,  0.17739374999999999      ,   3.6838771026333787E-003 ,   6.6111221130648863E-004
   4.57999992     ,  0.18220624999999999      ,   4.0176174477489449E-003 ,   6.8307667026785220E-004
   4.57000017     ,  0.18274375000000001      ,   3.9439094042574901E-003 ,   6.8343640014527710E-004
   4.55999994     ,  0.17960625000000000      ,   3.9867720888295075E-003 ,   6.7872080732555716E-004
   4.55000019     ,  0.18118124999999999      ,   3.9336611580492471E-003 ,   6.8204322421526453E-004
   4.53999996     ,  0.18258125000000000      ,   4.0593649128016131E-003 ,   6.9013970561216103E-004
   4.53000021     ,  0.18590625000000000      ,   4.2583294489782130E-003 ,   7.0468466949826414E-004
   4.51999998     ,  0.18648750000000000      ,   4.1878436320723651E-003 ,   7.0534803339899164E-004
   4.51000023     ,  0.18329999999999999      ,   4.0559033617024592E-003 ,   6.9552645148224527E-004
   4.50000000     ,  0.18769374999999999      ,   4.2518580091093676E-003 ,   7.1254758218166259E-004
   4.48999977     ,  0.18523124999999999      ,   4.1689280605190313E-003 ,   7.0582040155640370E-004
   4.48000002     ,  0.18221875000000001      ,   4.0174296404674953E-003 ,   6.9577139419897249E-004
   4.47000027     ,  0.18871874999999999      ,   4.2241414386120172E-003 ,   7.1817334033180203E-004
   4.46000004     ,  0.18893750000000001      ,   4.2844125207007165E-003 ,   7.2169606285205816E-004
   4.44999981     ,  0.18514375000000000      ,   4.2902289686543660E-003 ,   7.1432863641280556E-004
   4.44000006     ,  0.18509999999999999      ,   4.4329123002857067E-003 ,   7.1992879998261758E-004
   4.42999983     ,  0.18909375000000000      ,   4.2943177072807441E-003 ,   7.2656373503302279E-004
   4.42000008     ,  0.18870624999999999      ,   4.3880599026747246E-003 ,   7.2947534895397969E-004
   4.40999985     ,  0.18896874999999999      ,   4.3227376676387231E-003 ,   7.2980981099882560E-004
   4.40000010     ,  0.18595624999999999      ,   4.2320132630690212E-003 ,   7.2135610957655436E-004
   4.38999987     ,  0.18706249999999999      ,   4.4135742343763135E-003 ,   7.3043798278224351E-004
   4.38000011     ,  0.18648750000000000      ,   4.4722436978641483E-003 ,   7.3209840920908170E-004
   4.36999989     ,  0.18807499999999999      ,   4.2438818737410020E-003 ,   7.3095042570084552E-004
   4.36000013     ,  0.18786249999999999      ,   4.3790910529732220E-003 ,   7.3566247688061626E-004
   4.34999990     ,  0.19281250000000000      ,   4.6857713546705785E-003 ,   7.5727009403460713E-004
   4.34000015     ,  0.19752500000000001      ,   4.7002552019986691E-003 ,   7.7032345385863953E-004
   4.32999992     ,  0.19413125000000001      ,   4.5036381522552448E-003 ,   7.5840066289592099E-004
   4.32000017     ,  0.19223750000000001      ,   4.7045484964265026E-003 ,   7.6073157780457464E-004
   4.30999994     ,  0.19028750000000000      ,   4.6605920197233591E-003 ,   7.5630912860830829E-004
   4.30000019     ,  0.19247500000000001      ,   4.6771108792451020E-003 ,   7.6349331059206353E-004
   4.28999996     ,  0.19371875000000000      ,   4.6783488145230225E-003 ,   7.6802654898797400E-004
   4.28000021     ,  0.19506875000000001      ,   4.7218023692650931E-003 ,   7.7400106838714010E-004
   4.26999998     ,  0.19743749999999999      ,   4.7679295366791791E-003 ,   7.8249189908656297E-004
   4.26000023     ,  0.19517499999999999      ,   4.8861318995478019E-003 ,   7.8175678130433415E-004
   4.25000000     ,  0.19591875000000000      ,   4.8964208914023533E-003 ,   7.8526243985457172E-004
   4.23999977     ,  0.19422500000000001      ,   4.6724116264261007E-003 ,   7.7669185251914635E-004
   4.23000002     ,  0.20076875000000000      ,   5.1718369780909164E-003 ,   8.0738481779742350E-004
   4.22000027     ,  0.19696250000000001      ,   4.9449029613051624E-003 ,   7.9376591702012324E-004
   4.21000004     ,  0.19786250000000000      ,   5.0677427700956627E-003 ,   8.0077005362725923E-004
   4.19999981     ,  0.19908750000000000      ,   5.1580424140804495E-003 ,   8.0771491100621780E-004
   4.19000006     ,  0.19670625000000000      ,   4.8940488928223983E-003 ,   7.9655054481626310E-004
   4.17999983     ,  0.19993125000000000      ,   5.1666128529072068E-003 ,   8.1327167263068006E-004
   4.17000008     ,  0.19701250000000001      ,   4.9954426229896660E-003 ,   8.0318321006896587E-004
   4.15999985     ,  0.20017499999999999      ,   4.9875791929207191E-003 ,   8.1248770779216329E-004
   4.15000010     ,  0.20133124999999999      ,   5.1514270577178766E-003 ,   8.2125565036413528E-004
   4.13999987     ,  0.19849375000000000      ,   5.2014543226928511E-003 ,   8.1713310741814680E-004
   4.13000011     ,  0.20250625000000000      ,   5.0650743304604447E-003 ,   8.2532506517226897E-004
   4.11999989     ,  0.19842499999999999      ,   5.1253841946400716E-003 ,   8.1829017391938600E-004
   4.11000013     ,  0.20368125000000001      ,   5.4749472740845554E-003 ,   8.4210270886541955E-004
   4.09999990     ,  0.19524374999999999      ,   5.2378991245001453E-003 ,   8.1657357432126352E-004
   4.09000015     ,  0.20280000000000001      ,   5.3727392351274363E-003 ,   8.4073777782582549E-004
   4.07999992     ,  0.20138750000000000      ,   5.3443121617017999E-003 ,   8.3816924248106620E-004
   4.07000017     ,  0.20466875000000001      ,   5.5531036729796462E-003 ,   8.5347834671816792E-004
   4.05999994     ,  0.20356874999999999      ,   5.3504557048346876E-003 ,   8.4733021363001665E-004
   4.05000019     ,  0.20283124999999999      ,   5.5740524732702202E-003 ,   8.5288553377946903E-004
   4.03999996     ,  0.20304375000000000      ,   5.2886161106715764E-003 ,   8.4792987608016033E-004
   4.03000021     ,  0.20474375000000000      ,   5.6222171509992527E-003 ,   8.6249101426738692E-004
   4.01999998     ,  0.20845625000000001      ,   5.5908191650343789E-003 ,   8.7300644176523709E-004
   4.01000023     ,  0.21206875000000000      ,   5.8973875748395835E-003 ,   8.9163937496531385E-004
   4.00000000     ,  0.21145625000000001      ,   6.0771788183593741E-003 ,   8.9623617218392685E-004
   3.99000001     ,  0.20479375000000000      ,   5.7336574386623144E-003 ,   8.7264468809856988E-004
   3.98000002     ,  0.20973125000000001      ,   5.8574391932066788E-003 ,   8.9024651834753181E-004
   3.97000003     ,  0.20923749999999999      ,   5.8716104875143720E-003 ,   8.9120026897527140E-004
   3.96000004     ,  0.21053125000000000      ,   6.0138074613575289E-003 ,   9.0015512465077671E-004
   3.95000005     ,  0.21392500000000000      ,   6.0850872470167086E-003 ,   9.1229217340514765E-004
   3.94000006     ,  0.21653125000000001      ,   6.3607327930491576E-003 ,   9.2749535050468818E-004
   3.93000007     ,  0.21071250000000000      ,   5.9394498979028921E-003 ,   9.0431326235905583E-004
   3.92000008     ,  0.21160625000000000      ,   5.9519346430944317E-003 ,   9.0894620578323799E-004
   3.90999985     ,  0.21171875000000001      ,   6.0360989797394720E-003 ,   9.1318218369915356E-004
   3.90000010     ,  0.21530625000000000      ,   6.2770569075088723E-003 ,   9.3031232052759143E-004
   3.88999987     ,  0.21201249999999999      ,   6.0961391022839682E-003 ,   9.1935594611652579E-004
   3.88000011     ,  0.22554374999999999      ,   6.9295001654724143E-003 ,   9.7605495560083790E-004
   3.86999989     ,  0.21288124999999999      ,   6.2837460498191477E-003 ,   9.3014127555250312E-004
   3.86000013     ,  0.21923750000000000      ,   6.5436155449272232E-003 ,   9.5533554089713294E-004
   3.84999990     ,  0.22475000000000001      ,   6.4404262227364811E-003 ,   9.6933505757991294E-004
   3.84000015     ,  0.22297500000000001      ,   6.6804300837034706E-003 ,   9.7225724630587470E-004
   3.82999992     ,  0.22152500000000000      ,   6.7538638330938670E-003 ,   9.7223680347440064E-004
   3.82000017     ,  0.21696250000000000      ,   6.7073804610501128E-003 ,   9.6122255028714947E-004
   3.80999994     ,  0.22413125000000000      ,   6.9562388758232160E-003 ,   9.8800320232012235E-004
   3.80000019     ,  0.22160625000000000      ,   6.7901531642361804E-003 ,   9.7976363647996989E-004
   3.78999996     ,  0.22654374999999999      ,   6.9619885856277439E-003 ,   9.9895673513440350E-004
   3.77999997     ,  0.22470000000000001      ,   7.1229508378990725E-003 ,   9.9987188308969972E-004
   3.76999998     ,  0.22836250000000000      ,   6.8705919249114605E-003 ,   1.0063287549760822E-003
   3.75999999     ,  0.23232500000000000      ,   7.0954788388768409E-003 ,   1.0242004355196994E-003
   3.75000000     ,  0.22318750000000001      ,   6.9809993224208000E-003 ,   9.9932042315781190E-004
   3.74000001     ,  0.22986875000000001      ,   7.3324713663103841E-003 ,   1.0273847582528634E-003
   3.73000002     ,  0.22596875000000000      ,   7.1287591562028399E-003 ,   1.0146882465084752E-003
   3.72000003     ,  0.22685625000000001      ,   7.4618071902602901E-003 ,   1.0267860408089513E-003
   3.71000004     ,  0.22391249999999999      ,   7.1162999288707576E-003 ,   1.0135351431649474E-003
   3.70000005     ,  0.23118749999999999      ,   7.1550873068318499E-003 ,   1.0364914318378572E-003
   3.69000006     ,  0.23669999999999999      ,   7.6069361404523641E-003 ,   1.0636590961274361E-003
   3.68000007     ,  0.22596875000000000      ,   7.2680766170619754E-003 ,   1.0294194659079905E-003
   3.67000008     ,  0.24316874999999999      ,   8.0129252253878479E-003 ,   1.0946723141538727E-003
   3.66000009     ,  0.23427500000000001      ,   7.8788816602475553E-003 ,   1.0702539420168935E-003
   3.65000010     ,  0.22869375000000000      ,   7.3267734792297765E-003 ,   1.0453873437521876E-003
   3.63999987     ,  0.23641250000000000      ,   8.0229842090941052E-003 ,   1.0840582415983715E-003
   3.63000011     ,  0.24456875000000000      ,   8.2868438369747659E-003 ,   1.1143643256645288E-003
   3.61999989     ,  0.24544374999999999      ,   8.6687839846262011E-003 ,   1.1270497559110640E-003
   3.61000013     ,  0.25132500000000002      ,   8.7920382990407924E-003 ,   1.1481704352488365E-003
   3.59999990     ,  0.22807500000000000      ,   7.6810326579268258E-003 ,   1.0637302800556370E-003
   3.59000015     ,  0.23307500000000000      ,   8.0936270562158540E-003 ,   1.0890462713673121E-003
   3.57999992     ,  0.24126875000000000      ,   8.3653046726308248E-003 ,   1.1200143561069355E-003
   3.57000017     ,  0.24820624999999999      ,   8.6472840499703316E-003 ,   1.1476059611235266E-003
   3.55999994     ,  0.24775625000000001      ,   8.7444708797787749E-003 ,   1.1510698302480667E-003
   3.55000019     ,  0.24751250000000000      ,   8.3990046369323869E-003 ,   1.1463673271057242E-003
   3.53999996     ,  0.24218124999999999      ,   8.3743819562733975E-003 ,   1.1334743191838237E-003
   3.53000021     ,  0.24681875000000000      ,   9.1424602523890522E-003 ,   1.1646310095644351E-003
   3.51999998     ,  0.24863125000000000      ,   9.0692364080935395E-003 ,   1.1710238023137814E-003
   3.50999999     ,  0.24673750000000000      ,   8.8749498784043476E-003 ,   1.1646880918545319E-003
   3.50000000     ,  0.25560624999999998      ,   9.1052503065899622E-003 ,   1.1975600316500752E-003
   3.49000001     ,  0.25814375000000001      ,   9.6204238961333770E-003 ,   1.2168217145928086E-003
   3.48000002     ,  0.25606875000000001      ,   8.9151417221715636E-003 ,   1.2004832899960205E-003
   3.47000003     ,  0.26282499999999998      ,   9.8616408980044552E-003 ,   1.2403815052511376E-003
   3.46000004     ,  0.25210624999999998      ,   9.3493887191410247E-003 ,   1.2035651887798322E-003
   3.45000005     ,  0.26038749999999999      ,   9.7902822424553292E-003 ,   1.2383309618726422E-003
   3.44000006     ,  0.25283749999999999      ,   9.5610448524744481E-003 ,   1.2164962039657725E-003
   3.43000007     ,  0.25709375000000001      ,   9.7546550920565751E-003 ,   1.2344750786814213E-003
   3.42000008     ,  0.25595625000000000      ,   9.6030559486598565E-003 ,   1.2314229693789684E-003
   3.41000009     ,  0.27903125000000001      ,   1.0508945875918465E-002 ,   1.3165638787366689E-003
   3.40000010     ,  0.26004375000000002      ,   9.6322667857066807E-003 ,   1.2499038063649099E-003
   3.38999987     ,  0.27078124999999997      ,   1.0916060786846364E-002 ,   1.3071577912351015E-003
   3.38000011     ,  0.26336250000000000      ,   1.0008308188816038E-002 ,   1.2728093924024924E-003
   3.36999989     ,  0.26737499999999997      ,   1.0677179424776700E-002 ,   1.2996990960973764E-003
   3.36000013     ,  0.27175624999999998      ,   1.0325144514161961E-002 ,   1.3092866939104202E-003
   3.34999990     ,  0.25558750000000002      ,   9.6599908708294782E-003 ,   1.2533571689971078E-003
   3.34000015     ,  0.26469999999999999      ,   1.0193418846960123E-002 ,   1.2933135948491015E-003
   3.32999992     ,  0.27603125000000001      ,   1.1354375169189473E-002 ,   1.3498093518022659E-003
   3.32000017     ,  0.27313749999999998      ,   1.0417158569237427E-002 ,   1.3284931984041109E-003
   3.30999994     ,  0.27612500000000001      ,   1.0884601978610268E-002 ,   1.3488526543536086E-003
   3.30000019     ,  0.28172500000000000      ,   1.1823320969869398E-002 ,   1.3845973077145249E-003
   3.28999996     ,  0.27511875000000002      ,   1.0914735513994611E-002 ,   1.3535756617507576E-003
   3.28000021     ,  0.26890625000000001      ,   1.0934216691378238E-002 ,   1.3391974299772919E-003
   3.26999998     ,  0.28472500000000001      ,   1.1614593439826291E-002 ,   1.4005689253999906E-003
   3.25999999     ,  0.27906874999999998      ,   1.1422584840858395E-002 ,   1.3845546238159465E-003
   3.25000000     ,  0.28991250000000002      ,   1.2379796182337172E-002 ,   1.4355595454039829E-003
   3.24000001     ,  0.30098750000000002      ,   1.3123637850034297E-002 ,   1.4827358567307929E-003
   3.23000002     ,  0.29553750000000001      ,   1.2442847813634758E-002 ,   1.4604887855235392E-003
   3.22000003     ,  0.30577500000000002      ,   1.3445776131287376E-002 ,   1.5094045442119620E-003
   3.21000004     ,  0.29315000000000002      ,   1.2642313764968067E-002 ,   1.4645840420709850E-003
   3.20000005     ,  0.28260625000000000      ,   1.2432591687011715E-002 ,   1.4343329478236585E-003
   3.19000006     ,  0.31266250000000001      ,   1.3822974063741790E-002 ,   1.5467910409818614E-003
   3.18000007     ,  0.30020000000000002      ,   1.2899554816161989E-002 ,   1.5011777326302443E-003
   3.17000008     ,  0.29646875000000000      ,   1.3106710157078165E-002 ,   1.4975873883026250E-003
   3.16000009     ,  0.29667500000000002      ,   1.4037764056428816E-002 ,   1.5166938831878765E-003
   3.15000010     ,  0.31196875000000002      ,   1.3913786063034788E-002 ,   1.5632361191833832E-003
   3.13999987     ,  0.30782500000000002      ,   1.4394537634877483E-002 ,   1.5626761785394667E-003
   3.13000011     ,  0.31531250000000000      ,   1.4194756059834619E-002 ,   1.5856321893629249E-003
   3.11999989     ,  0.30609375000000000      ,   1.4014728720496349E-002 ,   1.5605917839723201E-003
   3.11000013     ,  0.32268124999999998      ,   1.4700076771773115E-002 ,   1.6230151424993342E-003
   3.09999990     ,  0.33560624999999999      ,   1.5052888933514592E-002 ,   1.6696531347416934E-003
   3.09000015     ,  0.30756250000000002      ,   1.3914667414070686E-002 ,   1.5765642124297827E-003
   3.07999992     ,  0.32653749999999998      ,   1.5093159910849372E-002 ,   1.6534274074877110E-003
   3.07000017     ,  0.34646250000000001      ,   1.6073539247808057E-002 ,   1.7278866353811991E-003
   3.05999994     ,  0.32102500000000000      ,   1.4611666924007590E-002 ,   1.6400762466319357E-003
   3.05000019     ,  0.32248749999999998      ,   1.5858558792675601E-002 ,   1.6663505442391863E-003
   3.03999996     ,  0.33251249999999999      ,   1.5715681336554505E-002 ,   1.6982646140370134E-003
   3.03000021     ,  0.33864375000000002      ,   1.6972171463005076E-002 ,   1.7371252860262486E-003
   3.01999998     ,  0.33929999999999999      ,   1.6373952914167173E-002 ,   1.7365277614907505E-003
   3.00999999     ,  0.35966250000000000      ,   1.7639092414137407E-002 ,   1.8147404079053523E-003
   3.00000000     ,  0.34921249999999998      ,   1.7165835459498419E-002 ,   1.7848953431099652E-003
   2.99000001     ,  0.33771250000000003      ,   1.6311230629472984E-002 ,   1.7463823560070145E-003
   2.98000002     ,  0.36764999999999998      ,   1.8214620399718440E-002 ,   1.8597767140608823E-003
   2.97000003     ,  0.36712499999999998      ,   1.7847121392017232E-002 ,   1.8596277051765027E-003
   2.96000004     ,  0.36753124999999998      ,   1.8228951180318934E-002 ,   1.8706726530947856E-003
   2.95000005     ,  0.37288125000000000      ,   1.8431675214339444E-002 ,   1.8934866177782483E-003
   2.94000006     ,  0.35866250000000000      ,   1.7643986385730434E-002 ,   1.8500896623719685E-003
   2.93000007     ,  0.36511874999999999      ,   1.8821263976067461E-002 ,   1.8877243525500249E-003
   2.92000008     ,  0.36902499999999999      ,   1.8529083955129162E-002 ,   1.9010829977320397E-003
   2.91000009     ,  0.37599375000000002      ,   1.8063515404919517E-002 ,   1.9214809236676816E-003
   2.90000010     ,  0.37331249999999999      ,   2.0393278505152899E-002 ,   1.9452007042551369E-003
   2.89000010     ,  0.37248124999999999      ,   1.9818914601676205E-002 ,   1.9427025294623042E-003
   2.88000011     ,  0.38788125000000001      ,   2.0393842524445475E-002 ,   1.9972210809703957E-003
   2.87000012     ,  0.40099374999999998      ,   1.9327330566718762E-002 ,   2.0294758570661908E-003
   2.86000013     ,  0.38396249999999998      ,   2.1318612417726309E-002 ,   2.0083967186278794E-003
   2.85000014     ,  0.41894375000000000      ,   2.1131714905898408E-002 ,   2.1062423671331515E-003
   2.84000015     ,  0.40428750000000002      ,   2.1324291553552907E-002 ,   2.0761470477235031E-003
   2.83000016     ,  0.40556249999999999      ,   2.1253282385404571E-002 ,   2.0855247815968220E-003
   2.81999993     ,  0.44219375000000000      ,   2.3077363610309855E-002 ,   2.2019035860541009E-003
   2.80999994     ,  0.40361875000000003      ,   2.1259560700403475E-002 ,   2.0937583957733575E-003
   2.79999995     ,  0.44264375000000000      ,   2.2670726977454210E-002 ,   2.2138093578259756E-003
   2.78999996     ,  0.42825625000000000      ,   2.2856848405463388E-002 ,   2.1867297389418666E-003
   2.77999997     ,  0.42958125000000003      ,   2.2637699086902826E-002 ,   2.1953630164841227E-003
   2.76999998     ,  0.41949375000000000      ,   2.3423042503301305E-002 ,   2.1836349447324089E-003
   2.75999999     ,  0.43356875000000000      ,   2.2588589395355293E-002 ,   2.2197060921109080E-003
   2.75000000     ,  0.43102499999999999      ,   2.3474385699591187E-002 ,   2.2278089299931827E-003
   2.74000001     ,  0.46008749999999998      ,   2.2710124821147860E-002 ,   2.3018849501358052E-003
   2.73000002     ,  0.47754999999999997      ,   2.4233882395356829E-002 ,   2.3605972469901986E-003
   2.72000003     ,  0.46473750000000003      ,   2.3500083363811913E-002 ,   2.3342904791603973E-003
   2.71000004     ,  0.46584375000000000      ,   2.4940595357826067E-002 ,   2.3550754555478485E-003
   2.70000005     ,  0.47376875000000002      ,   2.6506946338789181E-002 ,   2.3910809804811193E-003
   2.69000006     ,  0.48186250000000003      ,   2.4393853434407291E-002 ,   2.4043984658531177E-003
   2.68000007     ,  0.48416874999999998      ,   2.4981180761803896E-002 ,   2.4213579666020999E-003
   2.67000008     ,  0.46253749999999999      ,   2.6313377290145368E-002 ,   2.3890121692502425E-003
   2.66000009     ,  0.49575000000000002      ,   2.6133070709422217E-002 ,   2.4708180503256868E-003
   2.65000010     ,  0.45910000000000001      ,   2.6649704424495740E-002 ,   2.3999029635240689E-003
   2.64000010     ,  0.49935625000000000      ,   2.7114766416957939E-002 ,   2.5007909929059100E-003
   2.63000011     ,  0.51439374999999998      ,   2.4942686096115215E-002 ,   2.5288345423696451E-003
   2.62000012     ,  0.53318750000000004      ,   2.7025791444916396E-002 ,   2.5839297888315140E-003
   2.61000013     ,  0.49317499999999997      ,   2.7718024202156535E-002 ,   2.5181783896742458E-003
   2.60000014     ,  0.55467500000000003      ,   2.5811634519198892E-002 ,   2.6329670963183113E-003
   2.59000015     ,  0.54195625000000003      ,   2.7061421206085352E-002 ,   2.6274829205825035E-003
   2.58000016     ,  0.54910625000000002      ,   2.6762845846658737E-002 ,   2.6473067747541244E-003
   2.57000017     ,  0.54448125000000003      ,   2.7470712881036544E-002 ,   2.6523542701535592E-003
   2.55999994     ,  0.55758750000000001      ,   2.7008700622558581E-002 ,   2.6814804033322638E-003
   2.54999995     ,  0.57043750000000004      ,   2.7052192539008202E-002 ,   2.7104508667415202E-003
   2.53999996     ,  0.57323124999999997      ,   2.7674041434582179E-002 ,   2.7263728447865501E-003
   2.52999997     ,  0.57964375000000001      ,   2.7626156506410992E-002 ,   2.7453494842809658E-003
   2.51999998     ,  0.58155625000000000      ,   2.7237391899658091E-002 ,   2.7568730166230367E-003
   2.50999999     ,  0.59462499999999996      ,   2.7754613625956711E-002 ,   2.7840200363803652E-003
   2.50000000     ,  0.60764375000000004      ,   2.6956145261052823E-002 ,   2.8056126334737464E-003
   2.49000001     ,  0.61210624999999996      ,   2.7290238551004955E-002 ,   2.8210332982293641E-003
   2.48000002     ,  0.61563749999999995      ,   2.7377551796121953E-002 ,   2.8351169478847949E-003
   2.47000003     ,  0.63105000000000000      ,   2.7576431863982030E-002 ,   2.8571716608368500E-003
   2.46000004     ,  0.62736875000000003      ,   2.7315983199546649E-002 ,   2.8664560407885165E-003
   2.45000005     ,  0.64275625000000003      ,   2.6511856737518946E-002 ,   2.8833790422940213E-003
   2.44000006     ,  0.64624999999999999      ,   2.6269530498422691E-002 ,   2.8961370492469416E-003
   2.43000007     ,  0.66064374999999997      ,   2.5892341244186674E-002 ,   2.9100186063777222E-003
   2.42000008     ,  0.66530624999999999      ,   2.5710151580379276E-002 ,   2.9217911837568244E-003
   2.41000009     ,  0.67186250000000003      ,   2.5547197582558679E-002 ,   2.9332836034522171E-003
   2.40000010     ,  0.67704375000000006      ,   2.5758724499796399E-002 ,   2.9440893681926096E-003
   2.39000010     ,  0.68537499999999996      ,   2.4731373692174013E-002 ,   2.9541192207463277E-003
   2.38000011     ,  0.69930625000000002      ,   2.4273184592464817E-002 ,   2.9590449599576386E-003
   2.37000012     ,  0.70520625000000003      ,   2.3563571190577400E-002 ,   2.9668098681202722E-003
   2.36000013     ,  0.71003749999999999      ,   2.4313041176320913E-002 ,   2.9739662540822962E-003
   2.35000014     ,  0.71560625000000000      ,   2.3995211436419847E-002 ,   2.9807308963559539E-003
   2.34000015     ,  0.72435625000000003      ,   2.3232176616723263E-002 ,   2.9838899193178835E-003
   2.33000016     ,  0.74129999999999996      ,   2.1155483300886676E-002 ,   2.9756588918587335E-003
   2.32000017     ,  0.74150625000000003      ,   2.1355031151323117E-002 ,   2.9872589569380696E-003
   2.30999994     ,  0.74361250000000001      ,   2.1785300049273808E-002 ,   2.9952393928570332E-003
   2.29999995     ,  0.75683750000000005      ,   2.0544042242864331E-002 ,   2.9855552085171883E-003
   2.28999996     ,  0.76610000000000000      ,   1.8782482764968203E-002 ,   2.9822164738240180E-003
   2.27999997     ,  0.77314375000000002      ,   1.8740967320586919E-002 ,   2.9764556919294289E-003
   2.26999998     ,  0.77850624999999996      ,   1.8556791562618420E-002 ,   2.9761882417201693E-003
   2.25999999     ,  0.78589374999999995      ,   1.8072852680988676E-002 ,   2.9682539256060511E-003
   2.25000000     ,  0.78442500000000004      ,   1.8195867080014166E-002 ,   2.9857690199786755E-003
   2.24000001     ,  0.79932499999999995      ,   1.7090651622725196E-002 ,   2.9531775383290987E-003
   2.23000002     ,  0.80812499999999998      ,   1.5928741069743416E-002 ,   2.9367544503935482E-003
   2.22000003     ,  0.80391875000000002      ,   1.7614017989923531E-002 ,   2.9590584542979179E-003
   2.21000004     ,  0.81309374999999995      ,   1.5729213457462612E-002 ,   2.9443377081100697E-003
   2.20000005     ,  0.82301875000000002      ,   1.4204589531066715E-002 ,   2.9215385348378151E-003
   2.19000006     ,  0.82648124999999995      ,   1.4085880563917838E-002 ,   2.9184548906850665E-003
   2.18000007     ,  0.82972500000000005      ,   1.4315769230894046E-002 ,   2.9148329211963670E-003
   2.17000008     ,  0.83814999999999995      ,   1.2589954344969317E-002 ,   2.8950895510973353E-003
   2.16000009     ,  0.84325625000000004      ,   1.2273197838426978E-002 ,   2.8814400738489247E-003
   2.15000010     ,  0.84965625000000000      ,   1.2104323240807497E-002 ,   2.8573578985378965E-003
   2.14000010     ,  0.85302500000000003      ,   1.2145839960700977E-002 ,   2.8486995962018263E-003
   2.13000011     ,  0.86184375000000002      ,   1.0652948174048927E-002 ,   2.8142632276904819E-003
   2.12000012     ,  0.86250000000000004      ,   1.0280991218949155E-002 ,   2.8264100549813508E-003
   2.11000013     ,  0.86724374999999998      ,   1.0083398822388342E-002 ,   2.8071409094855056E-003
   2.10000014     ,  0.87561250000000002      ,   8.9765693310261737E-003 ,   2.7655020953665224E-003
   2.09000015     ,  0.86438749999999998      ,   1.0708671404907702E-002 ,   2.8506417312961162E-003
   2.08000016     ,  0.88678749999999995      ,   8.0016707744551725E-003 ,   2.7055441822075171E-003
   2.07000017     ,  0.90158125000000000      ,   4.9099291670301314E-003 ,   2.6081367209803744E-003
   2.06000018     ,  0.88833125000000002      ,   8.1910891716968290E-003 ,   2.7163677128913509E-003
   2.04999995     ,  0.90480625000000003      ,   5.1204581822946547E-003 ,   2.5979666871408019E-003
   2.03999996     ,  0.89604375000000003      ,   7.9535905234213201E-003 ,   2.6702200279212244E-003
   2.02999997     ,  0.90090625000000002      ,   6.2735525325593143E-003 ,   2.6519034506962526E-003
   2.01999998     ,  0.91290625000000003      ,   4.6093900005872651E-003 ,   2.5503957109422846E-003
   2.00999999     ,  0.89686874999999999      ,   8.2867302601228789E-003 ,   2.6988828618855301E-003
   2.00000000     ,  0.92015625000000001      ,   3.9264526367187580E-003 ,   2.4947668371241732E-003
   1.99000001     ,  0.91954999999999998      ,   4.4443235931252226E-003 ,   2.5071652827514286E-003
   1.98000002     ,  0.91843125000000003      ,   4.4800818320108642E-003 ,   2.5353321410321755E-003
   1.97000003     ,  0.92586250000000003      ,   3.4758278441369872E-003 ,   2.4623625873613163E-003
   1.96000004     ,  0.91797499999999999      ,   6.4540940073265487E-003 ,   2.5397343869218510E-003
   1.95000005     ,  0.92435000000000000      ,   4.0367221952900476E-003 ,   2.5007260353000506E-003
   1.94000006     ,  0.92653750000000001      ,   4.8015357329107521E-003 ,   2.4713569770998443E-003
   1.93000007     ,  0.93153750000000002      ,   4.0374004875041100E-003 ,   2.4202368433905159E-003
   1.92000008     ,  0.93053125000000003      ,   4.5666863288871314E-003 ,   2.4405589213503860E-003
   1.91000009     ,  0.93573750000000000      ,   2.8945202952898809E-003 ,   2.3985397121033475E-003
   1.90000010     ,  0.93994374999999997      ,   2.9449446525644956E-003 ,   2.3394174745714779E-003
   1.89000010     ,  0.93884999999999996      ,   3.4758045564861188E-003 ,   2.3612852042177355E-003
   1.88000011     ,  0.93944375000000002      ,   3.9211743195266486E-003 ,   2.3564919343473140E-003
   1.87000012     ,  0.94623749999999995      ,   2.1777989838545255E-003 ,   2.2769619721973015E-003
   1.86000013     ,  0.94539375000000003      ,   3.1172257453637082E-003 ,   2.2868509567635477E-003
   1.85000014     ,  0.95041249999999999      ,   1.8786241558838188E-003 ,   2.2250706569621097E-003
   1.84000015     ,  0.95305625000000005      ,   1.7219316524588330E-003 ,   2.1858426426087253E-003
   1.83000016     ,  0.95146874999999997      ,   2.0361545594821460E-003 ,   2.2251040241192880E-003
   1.82000017     ,  0.95816250000000003      ,   1.4895338226179708E-003 ,   2.1007895627595556E-003
   1.81000018     ,  0.95635000000000003      ,   1.5368986418381539E-003 ,   2.1534793336633316E-003
   1.80000019     ,  0.94907500000000000      ,   4.1352014896339061E-003 ,   2.2711249777977813E-003
   1.78999996     ,  0.96032499999999998      ,   1.6184292291181596E-003 ,   2.0820564658078061E-003
   1.77999997     ,  0.95785624999999996      ,   2.3068150509831568E-003 ,   2.1376797368176060E-003
   1.76999998     ,  0.96179999999999999      ,   1.3160631913104336E-003 ,   2.0754362409581045E-003
   1.75999999     ,  0.96426875000000001      ,   1.2100699236516391E-003 ,   2.0268157564176468E-003
   1.75000000     ,  0.96765625000000000      ,   1.1059012771161923E-003 ,   1.9478661937282300E-003
   1.74000001     ,  0.96589999999999998      ,   1.1344302971591231E-003 ,   2.0078793244354383E-003
   1.73000002     ,  0.96713125000000000      ,   1.5285838370936559E-003 ,   1.9745324959180707E-003
   1.72000003     ,  0.96904999999999997      ,   9.4403375984340179E-004 ,   1.9457155654425556E-003
   1.71000004     ,  0.96698125000000001      ,   1.2119633747146384E-003 ,   2.0109062524078115E-003
   1.70000005     ,  0.96994374999999999      ,   1.1123280357221417E-003 ,   1.9361376464235129E-003
   1.69000006     ,  0.97118125000000000      ,   1.0919858416214658E-003 ,   1.9103702962750717E-003
   1.68000007     ,  0.97471874999999997      ,   7.1086715746918180E-004 ,   1.8154092610486519E-003
   1.67000008     ,  0.97641875000000000      ,   6.8580348598915497E-004 ,   1.7672060240068071E-003
   1.66000009     ,  0.97399999999999998      ,   9.6937117484958253E-004 ,   1.8556421439059540E-003
   1.65000010     ,  0.97411875000000003      ,   9.3648476061892994E-004 ,   1.8630227881480676E-003
   1.64000010     ,  0.97470625000000000      ,   8.2547609657304026E-004 ,   1.8581573886488041E-003
   1.63000011     ,  0.97835625000000004      ,   6.4159867627974884E-004 ,   1.7401748110044072E-003
   1.62000012     ,  0.97934374999999996      ,   6.1395573197489889E-004 ,   1.7128910790606979E-003
   1.61000013     ,  0.97865625000000001      ,   6.5393954456837290E-004 ,   1.7488166458467025E-003
   1.60000014     ,  0.98064375000000004      ,   6.0384737893599849E-004 ,   1.6811229125638137E-003
   1.59000015     ,  0.97964375000000004      ,   6.5416047641850966E-004 ,   1.7319436561655382E-003
   1.58000016     ,  0.98150000000000004      ,   6.2520760697311307E-004 ,   1.6642974914257611E-003
   1.57000017     ,  0.98126875000000002      ,   6.6513208839317063E-004 ,   1.6838111530811332E-003
   1.56000018     ,  0.98235625000000004      ,   5.6654816575505481E-004 ,   1.6500672927000826E-003
   1.55000019     ,  0.98300624999999997      ,   5.1970858065034315E-004 ,   1.6324288069297511E-003
   1.53999996     ,  0.98435625000000004      ,   5.0831957205965011E-004 ,   1.5784509602979095E-003
   1.52999997     ,  0.98500624999999997      ,   5.8031555652690819E-004 ,   1.5533309775876451E-003
   1.51999998     ,  0.98565625000000001      ,   4.4248496185743191E-004 ,   1.5347988049939872E-003
   1.50999999     ,  0.98550625000000003      ,   4.6014173435884171E-004 ,   1.5529478936746768E-003
   1.50000000     ,  0.98609374999999999      ,   4.3318686186833349E-004 ,   1.5317814663599002E-003
   1.49000001     ,  0.98726875000000003      ,   4.0991060957715745E-004 ,   1.4782239949893536E-003
   1.48000002     ,  0.98820624999999995      ,   3.5009056388887744E-004 ,   1.4366484672350256E-003
   1.47000003     ,  0.98706249999999995      ,   3.7162786635389674E-004 ,   1.5128442703670956E-003
   1.46000004     ,  0.98838749999999997      ,   3.7959750114934416E-004 ,   1.4433773193027726E-003
   1.45000005     ,  0.98886874999999996      ,   3.3143960551410727E-004 ,   1.4264008268337460E-003
   1.44000006     ,  0.98930625000000005      ,   3.3955833665614345E-004 ,   1.4063722939765908E-003
   1.43000007     ,  0.98888750000000003      ,   3.5753701423218406E-004 ,   1.4441564489507867E-003
   1.42000008     ,  0.99001249999999996      ,   3.5063806911062831E-004 ,   1.3800610474035326E-003
   1.41000009     ,  0.99058124999999997      ,   3.1260943836078890E-004 ,   1.3520945929473935E-003
   1.40000010     ,  0.99085624999999999      ,   2.6798634005352988E-004 ,   1.3443322407904505E-003
   1.39000010     ,  0.99207500000000004      ,   2.2235205787518209E-004 ,   1.2641641460229825E-003
   1.38000011     ,  0.99098125000000004      ,   3.4909279009528061E-004 ,   1.3505915355931587E-003
   1.37000012     ,  0.99254374999999995      ,   2.0790802821207870E-004 ,   1.2445574501339179E-003
   1.36000013     ,  0.99325624999999995      ,   2.0481268054791109E-004 ,   1.1942678120413174E-003
   1.35000014     ,  0.99428125000000001      ,   1.5676430516323224E-004 ,   1.1119934567896770E-003
   1.34000015     ,  0.99291249999999998      ,   2.2370694707987630E-004 ,   1.2413149463496311E-003
   1.33000016     ,  0.99408750000000001      ,   1.7607740447518139E-004 ,   1.1463302702255595E-003
   1.32000017     ,  0.99424374999999998      ,   1.7923644617571610E-004 ,   1.1397107127085859E-003
   1.31000018     ,  0.99439999999999995      ,   1.5586781777692012E-004 ,   1.1345180982931437E-003
   1.30000019     ,  0.99461250000000001      ,   1.6156716535057752E-004 ,   1.1213331358566896E-003
   1.29000020     ,  0.99495624999999999      ,   1.4364554094058345E-004 ,   1.0926493375830754E-003
   1.27999997     ,  0.99500000000000000      ,   1.6021728515619102E-004 ,   1.0978978552274572E-003
   1.26999998     ,  0.99561875000000000      ,   1.4959396191687509E-004 ,   1.0374690701263625E-003
   1.25999999     ,  0.99534374999999997      ,   1.3392779845451739E-004 ,   1.0788314762245185E-003
   1.25000000     ,  0.99653749999999997      ,   1.0603387658006123E-004 ,   9.4213335472135553E-004
   1.24000001     ,  0.99608125000000003      ,   1.1756146127431353E-004 ,   1.0083832199510165E-003
   1.23000002     ,  0.99663124999999997      ,   9.7004541354851485E-005 ,   9.4555226862818448E-004
   1.22000003     ,  0.99635625000000005      ,   1.1062727014424860E-004 ,   9.8961881077034241E-004
   1.21000004     ,  0.99684375000000003      ,   9.9108175032960375E-005 ,   9.3094628407035078E-004
   1.20000005     ,  0.99657499999999999      ,   1.0220364339659236E-004 ,   9.7361156826320969E-004
   1.19000006     ,  0.99751250000000002      ,   6.9314465406267487E-005 ,   8.4357350992994074E-004
   1.18000007     ,  0.99743124999999999      ,   7.7333120080498848E-005 ,   8.6542395279009567E-004
   1.17000008     ,  0.99740625000000005      ,   8.2557921094063004E-005 ,   8.7650230489646228E-004
   1.16000009     ,  0.99750625000000004      ,   7.4616069834815738E-005 ,   8.6814816397820613E-004
   1.15000010     ,  0.99777499999999997      ,   7.0083688550748332E-005 ,   8.2909327155856083E-004
   1.14000010     ,  0.99773750000000005      ,   6.5068388598341922E-005 ,   8.4374275498842169E-004
   1.13000011     ,  0.99790624999999999      ,   7.0270144940145203E-005 ,   8.1942023342584534E-004
   1.12000012     ,  0.99816249999999995      ,   5.7322954969617331E-005 ,   7.7780180862623374E-004
   1.11000013     ,  0.99836875000000003      ,   5.7604123818483413E-005 ,   7.3872021844168206E-004
   1.10000014     ,  0.99844374999999996      ,   5.1242857023665998E-005 ,   7.3229912273116979E-004
   1.09000015     ,  0.99852500000000000      ,   4.5309052908459185E-005 ,   7.2122412333307945E-004
   1.08000016     ,  0.99867499999999998      ,   4.2138882760378551E-005 ,   6.9239937601695131E-004
   1.07000017     ,  0.99881874999999998      ,   3.9401243208669374E-005 ,   6.6263819300892081E-004
   1.06000018     ,  0.99888125000000005      ,   3.7328967242457419E-005 ,   6.5249386073585854E-004
   1.05000019     ,  0.99898125000000004      ,   3.1935671182344605E-005 ,   6.3158256380979421E-004
   1.04000020     ,  0.99888750000000004      ,   3.6370034263069181E-005 ,   6.6355324848037581E-004
   1.02999997     ,  0.99900624999999998      ,   3.2604635960008364E-005 ,   6.3651361515467515E-004
   1.01999998     ,  0.99904999999999999      ,   3.2050245136294909E-005 ,   6.2973279695125795E-004
   1.00999999     ,  0.99931875000000003      ,   2.1779045547479867E-005 ,   5.4916917183089203E-004
   1.00000000     ,  0.99925624999999996      ,   2.5423398437585121E-005 ,   5.7608808138853067E-004
