   5.00000000     ,   4.3223046874999997E-002 ,   2.1149265448815603E-004 ,   1.5276485180235110E-004
   4.98999977     ,   4.2694531250000001E-002 ,   2.1505069604453751E-004 ,   1.5229248623886647E-004
   4.98000002     ,   4.1812890625000002E-002 ,   2.0432833232874901E-004 ,   1.4914212258094263E-004
   4.96999979     ,   4.3010156250000001E-002 ,   2.2216056998729882E-004 ,   1.5442693306120861E-004
   4.96000004     ,   4.2377734374999997E-002 ,   2.0507615239174774E-004 ,   1.5101173166096786E-004
   4.94999981     ,   4.2125000000000003E-002 ,   2.0242570841350418E-004 ,   1.5033383882457203E-004
   4.94000006     ,   4.2322656250000000E-002 ,   2.0113444303306179E-004 ,   1.5086225208299077E-004
   4.92999983     ,   4.2012890625000000E-002 ,   1.9819301770335207E-004 ,   1.5000970739264754E-004
   4.92000008     ,   4.2781250000000000E-002 ,   2.0501267335658853E-004 ,   1.5293519184212643E-004
   4.90999985     ,   4.2904296874999998E-002 ,   2.1464107357268942E-004 ,   1.5474164708898050E-004
   4.90000010     ,   4.3354296874999997E-002 ,   2.1704944099768705E-004 ,   1.5634549503975792E-004
   4.88999987     ,   4.2123828124999999E-002 ,   2.1562717167797953E-004 ,   1.5360143753933645E-004
   4.88000011     ,   4.1938671875000000E-002 ,   2.0678132609992981E-004 ,   1.5225523216466210E-004
   4.86999989     ,   4.3926171875000003E-002 ,   2.2659608857074530E-004 ,   1.5968530231349085E-004
   4.86000013     ,   4.3027343750000002E-002 ,   2.1870232048336216E-004 ,   1.5685858043115638E-004
   4.84999990     ,   4.3094531249999998E-002 ,   2.1616658410059193E-004 ,   1.5694783342602364E-004
   4.84000015     ,   4.3401171874999998E-002 ,   2.2181799899586926E-004 ,   1.5866142637558292E-004
   4.82999992     ,   4.2005859375000003E-002 ,   2.1379960973691960E-004 ,   1.5463835046726843E-004
   4.82000017     ,   4.4010937500000000E-002 ,   2.2632207434809966E-004 ,   1.6120443103830325E-004
   4.80999994     ,   4.3527734375000002E-002 ,   2.2366235781138205E-004 ,   1.6000635473007897E-004
   4.80000019     ,   4.3571093749999998E-002 ,   2.2170899930694095E-004 ,   1.6012901622260682E-004
   4.78999996     ,   4.4346875000000001E-002 ,   2.3505999166388030E-004 ,   1.6393409768046730E-004
   4.78000021     ,   4.3426171875000003E-002 ,   2.2198229711871550E-004 ,   1.6037235754515057E-004
   4.76999998     ,   4.3091015625000000E-002 ,   2.2173889656993485E-004 ,   1.5982587249461006E-004
   4.76000023     ,   4.3278515625000000E-002 ,   2.2182290657582029E-004 ,   1.6055503000966928E-004
   4.75000000     ,   4.4168750000000000E-002 ,   2.3790549416562615E-004 ,   1.6500316928643640E-004
   4.73999977     ,   4.3825781250000001E-002 ,   2.3175064209506665E-004 ,   1.6369143626132561E-004
   4.73000002     ,   4.3391406250000000E-002 ,   2.3486466891687520E-004 ,   1.6334606706960375E-004
   4.71999979     ,   4.3783984375000001E-002 ,   2.2742900520999991E-004 ,   1.6360430188450624E-004
   4.71000004     ,   4.4479296874999998E-002 ,   2.3865008752560612E-004 ,   1.6698281211299204E-004
   4.69999981     ,   4.4019921875000000E-002 ,   2.2421179144266296E-004 ,   1.6433000183770479E-004
   4.69000006     ,   4.3669531249999997E-002 ,   2.4191659781945481E-004 ,   1.6604773440869356E-004
   4.67999983     ,   4.3784765624999999E-002 ,   2.3297827146498458E-004 ,   1.6546845014634307E-004
   4.67000008     ,   4.4394140625000002E-002 ,   2.4525610382722466E-004 ,   1.6878430805186614E-004
   4.65999985     ,   4.5775390625000002E-002 ,   2.5245702177000809E-004 ,   1.7330622718631097E-004
   4.65000010     ,   4.3619921875000002E-002 ,   2.3261435678171308E-004 ,   1.6589687550562501E-004
   4.63999987     ,   4.5426562500000003E-002 ,   2.4645447333417639E-004 ,   1.7232910815112161E-004
   4.63000011     ,   4.3963281250000000E-002 ,   2.3720258367426332E-004 ,   1.6790711227496387E-004
   4.61999989     ,   4.5281640625000001E-002 ,   2.5716134883813432E-004 ,   1.7391675636940928E-004
   4.61000013     ,   4.5850781250000000E-002 ,   2.5253874982459934E-004 ,   1.7504301663917552E-004
   4.59999990     ,   4.5392578124999999E-002 ,   2.4785425740840285E-004 ,   1.7365136388307827E-004
   4.59000015     ,   4.4636328124999999E-002 ,   2.4089839402699048E-004 ,   1.7122934363380258E-004
   4.57999992     ,   4.5454687500000000E-002 ,   2.5939674299260067E-004 ,   1.7585777805365316E-004
   4.57000017     ,   4.5022265625000002E-002 ,   2.5200803195402847E-004 ,   1.7419323623928245E-004
   4.55999994     ,   4.4868359375000000E-002 ,   2.6344487226781385E-004 ,   1.7555219413500312E-004
   4.55000019     ,   4.5949609374999999E-002 ,   2.6696852344907442E-004 ,   1.7895593928366171E-004
   4.53999996     ,   4.6418359375000003E-002 ,   2.6837616578110338E-004 ,   1.8060907022643584E-004
   4.53000021     ,   4.5964843749999998E-002 ,   2.6664382536639502E-004 ,   1.7960141478523753E-004
   4.51999998     ,   4.6496484375000001E-002 ,   2.6895425656316694E-004 ,   1.8152916189765581E-004
   4.51000023     ,   4.5373828125000001E-002 ,   2.6003871794167142E-004 ,   1.7796796631253049E-004
   4.50000000     ,   4.6205859374999998E-002 ,   2.6773683979725802E-004 ,   1.8131599065546446E-004
   4.48999977     ,   4.7696875000000000E-002 ,   2.9001499592024282E-004 ,   1.8804407703755792E-004
   4.48000002     ,   4.6735937499999998E-002 ,   2.7331465269742349E-004 ,   1.8398814062404976E-004
   4.47000027     ,   4.5171484375000001E-002 ,   2.6120644835643612E-004 ,   1.7890837973977191E-004
   4.46000004     ,   4.5435546875000003E-002 ,   2.6079479012615424E-004 ,   1.7985213988438770E-004
   4.44999981     ,   4.6315624999999999E-002 ,   2.8320139672877788E-004 ,   1.8513872532542494E-004
   4.44000006     ,   4.6073046875000002E-002 ,   2.7476165311777622E-004 ,   1.8384497669812004E-004
   4.42999983     ,   4.7741406250000000E-002 ,   2.8717731984596536E-004 ,   1.8990754113032735E-004
   4.42000008     ,   4.6612109375000002E-002 ,   2.7589244310944434E-004 ,   1.8603378512543130E-004
   4.40999985     ,   4.7353125000000003E-002 ,   2.9300722962919356E-004 ,   1.9031383234613546E-004
   4.40000010     ,   4.5630468750000000E-002 ,   2.6234849178845179E-004 ,   1.8255527022717629E-004
   4.38999987     ,   4.5657421875000000E-002 ,   2.7522231736330414E-004 ,   1.8455199893487679E-004
   4.38000011     ,   4.6520703125000000E-002 ,   2.8690049369060476E-004 ,   1.8852138739130787E-004
   4.36999989     ,   4.6966406250000002E-002 ,   2.7863580732136981E-004 ,   1.8902659449201550E-004
   4.36000013     ,   4.6649999999999997E-002 ,   2.8218568836928818E-004 ,   1.8899270413158488E-004
   4.34999990     ,   4.7592578125000000E-002 ,   2.9271901097485410E-004 ,   1.9304500807998433E-004
   4.34000015     ,   4.6908203124999999E-002 ,   2.9189843023839798E-004 ,   1.9154096124728920E-004
   4.32999992     ,   4.8025390624999997E-002 ,   2.9776811574554689E-004 ,   1.9549752703459927E-004
   4.32000017     ,   4.8756640625000000E-002 ,   3.2026083768479918E-004 ,   2.0037777425204495E-004
   4.30999994     ,   4.6498828125000002E-002 ,   2.9367283456999935E-004 ,   1.9178044637682020E-004
   4.30000019     ,   4.6651953124999999E-002 ,   2.9946397851266009E-004 ,   1.9323658261489646E-004
   4.28999996     ,   4.8454687500000003E-002 ,   3.0694836708350940E-004 ,   1.9919464435132772E-004
   4.28000021     ,   4.6932031249999999E-002 ,   2.9200609503639898E-004 ,   1.9381442659681565E-004
   4.26999998     ,   4.9659374999999999E-002 ,   3.2193585825384844E-004 ,   2.0486498375487731E-004
   4.26000023     ,   4.7453906249999997E-002 ,   2.9522617090342861E-004 ,   1.9632241516070269E-004
   4.25000000     ,   4.7895703125000001E-002 ,   3.1531864888691223E-004 ,   2.0023307055278347E-004
   4.23999977     ,   4.6935937499999997E-002 ,   3.0909722034220253E-004 ,   1.9735959334457137E-004
   4.23000002     ,   4.8984374999999997E-002 ,   3.2563663377413839E-004 ,   2.0507909098231781E-004
   4.22000027     ,   4.9560156250000001E-002 ,   3.1515970645962861E-004 ,   2.0581633979802248E-004
   4.21000004     ,   4.9355468749999999E-002 ,   3.3912740786520319E-004 ,   2.0839791266148323E-004
   4.19999981     ,   4.9806250000000003E-002 ,   3.3504451892128403E-004 ,   2.0954373151512969E-004
   4.19000006     ,   4.9802734374999998E-002 ,   3.2968379247424572E-004 ,   2.0933869954053305E-004
   4.17999983     ,   4.9872656250000001E-002 ,   3.4395209576270681E-004 ,   2.1154594236996144E-004
   4.17000008     ,   4.9707031249999999E-002 ,   3.2374821883420277E-004 ,   2.0923094094218533E-004
   4.15999985     ,   5.0507031250000001E-002 ,   3.5014656927524594E-004 ,   2.1477852044375615E-004
   4.15000010     ,   4.8973437500000001E-002 ,   3.4093250212419878E-004 ,   2.1003243570624392E-004
   4.13999987     ,   4.9197265625000000E-002 ,   3.2920956204219513E-004 ,   2.0971373845586551E-004
   4.13000011     ,   4.8582421874999997E-002 ,   3.2661305076927595E-004 ,   2.0815940100529507E-004
   4.11999989     ,   4.8994921875000000E-002 ,   3.4298732396824508E-004 ,   2.1157106611493658E-004
   4.11000013     ,   4.9853515624999997E-002 ,   3.4265611741018644E-004 ,   2.1429236527851242E-004
   4.09999990     ,   5.0505078124999998E-002 ,   3.5201785860802017E-004 ,   2.1755452166592290E-004
   4.09000015     ,   5.1375781250000002E-002 ,   3.7860948287334636E-004 ,   2.2329698794430828E-004
   4.07999992     ,   4.9562109375000003E-002 ,   3.5264424231437732E-004 ,   2.1591004375865567E-004
   4.07000017     ,   4.9715624999999999E-002 ,   3.5200481005542909E-004 ,   2.1669205181922851E-004
   4.05999994     ,   5.1025000000000001E-002 ,   3.7644074224976715E-004 ,   2.2344198542104601E-004
   4.05000019     ,   5.0458984375000002E-002 ,   3.6784697576540431E-004 ,   2.2138667121700969E-004
   4.03999996     ,   5.2402343749999997E-002 ,   3.8911224707814548E-004 ,   2.2952871111724937E-004
   4.03000021     ,   5.0210156249999999E-002 ,   3.8796104273264423E-004 ,   2.2381692854811275E-004
   4.01999998     ,   5.1164843750000001E-002 ,   3.7140255150665768E-004 ,   2.2509310987996978E-004
   4.01000023     ,   5.0807031250000002E-002 ,   3.5896378630934062E-004 ,   2.2317831441267649E-004
   4.00000000     ,   5.1530859375000002E-002 ,   3.8652238613128660E-004 ,   2.2868905949803981E-004
   3.99000001     ,   5.2447265625000003E-002 ,   3.7528034416387874E-004 ,   2.3052352149524716E-004
   3.98000002     ,   5.2106250000000000E-002 ,   4.0149188681727551E-004 ,   2.3285365024697892E-004
   3.97000003     ,   5.0298046875000002E-002 ,   3.5366432506854072E-004 ,   2.2298876365466538E-004
   3.96000004     ,   5.1074218749999997E-002 ,   4.0618576607670336E-004 ,   2.3142359847789205E-004
   3.95000005     ,   5.3188281249999997E-002 ,   3.9041987016589944E-004 ,   2.3619175659401245E-004
   3.94000006     ,   5.4392187500000001E-002 ,   4.2940354997204763E-004 ,   2.4420374628792053E-004
   3.93000007     ,   5.2760156250000002E-002 ,   4.2665535406987055E-004 ,   2.3979388383458535E-004
   3.92000008     ,   5.2510937500000000E-002 ,   4.0284615019594661E-004 ,   2.3705966401935507E-004
   3.90999985     ,   5.2929687500000003E-002 ,   4.2644216987537220E-004 ,   2.4125034166876282E-004
   3.90000010     ,   5.2206250000000003E-002 ,   4.1682361547989413E-004 ,   2.3867304646635933E-004
   3.88999987     ,   5.2732421874999998E-002 ,   4.0206693364354846E-004 ,   2.3911246775345046E-004
   3.88000011     ,   5.4083203125000000E-002 ,   4.2704636023579832E-004 ,   2.4615596859867812E-004
   3.86999989     ,   5.4477734375000003E-002 ,   4.2204772779221380E-004 ,   2.4730660752941039E-004
   3.86000013     ,   5.5423437499999999E-002 ,   4.4554914973330030E-004 ,   2.5300265730722135E-004
   3.84999990     ,   5.3553125000000000E-002 ,   4.1592593204411342E-004 ,   2.4501859802472772E-004
   3.84000015     ,   5.3976953124999998E-002 ,   4.0638946886325264E-004 ,   2.4578780182737194E-004
   3.82999992     ,   5.4153515625000002E-002 ,   4.4479473402999617E-004 ,   2.5083415932736013E-004
   3.82000017     ,   5.4833593750000000E-002 ,   4.4765928586676357E-004 ,   2.5365759430245785E-004
   3.80999994     ,   5.4850390625000002E-002 ,   4.5732119569769623E-004 ,   2.5523883269283864E-004
   3.80000019     ,   5.3808203125000002E-002 ,   4.3701843083796969E-004 ,   2.5062899566557394E-004
   3.78999996     ,   5.4414843749999997E-002 ,   4.5701130567913408E-004 ,   2.5502723281485773E-004
   3.77999997     ,   5.4602734375000003E-002 ,   4.3821175708396251E-004 ,   2.5419965730625964E-004
   3.76999998     ,   5.4539062499999999E-002 ,   4.4103954506830625E-004 ,   2.5485525868254995E-004
   3.75999999     ,   5.6222656250000003E-002 ,   4.6467253575838233E-004 ,   2.6285672245881018E-004
   3.75000000     ,   5.6067578125000003E-002 ,   4.6795790652667363E-004 ,   2.6329661457390516E-004
   3.74000001     ,   5.4644921875000002E-002 ,   4.4056092955320296E-004 ,   2.5680406996406288E-004
   3.73000002     ,   5.8424609374999999E-002 ,   5.3917430684791308E-004 ,   2.7848839085329593E-004
   3.72000003     ,   5.7530468750000001E-002 ,   4.9791238647015448E-004 ,   2.7243117122127577E-004
   3.71000004     ,   5.6094140624999997E-002 ,   4.8888902742796512E-004 ,   2.6780372001962026E-004
   3.70000005     ,   5.4974609374999997E-002 ,   4.7057298257801851E-004 ,   2.6316714801409742E-004
   3.69000006     ,   5.8837500000000001E-002 ,   5.3241763298740542E-004 ,   2.8155670983940506E-004
   3.68000007     ,   5.9046484375000000E-002 ,   5.3031968966993836E-004 ,   2.8262153441250371E-004
   3.67000008     ,   5.6792187500000001E-002 ,   5.0987262163896055E-004 ,   2.7439741590807459E-004
   3.66000009     ,   5.9366015624999997E-002 ,   5.3864466064111214E-004 ,   2.8566117560495710E-004
   3.65000010     ,   5.7803124999999997E-002 ,   5.3831767578374143E-004 ,   2.8148352225320608E-004
   3.63999987     ,   5.6557421875000000E-002 ,   4.9110623049889639E-004 ,   2.7366586694496062E-004
   3.63000011     ,   5.8423828125000000E-002 ,   5.1873306551624354E-004 ,   2.8277652124952281E-004
   3.61999989     ,   5.8818750000000003E-002 ,   5.2603992758184310E-004 ,   2.8535096090392438E-004
   3.61000013     ,   5.8148437499999997E-002 ,   4.9968940340632993E-004 ,   2.8135827032318072E-004
   3.59999990     ,   5.7777734375000001E-002 ,   5.5137895793072578E-004 ,   2.8585194479757204E-004
   3.59000015     ,   6.0185156250000003E-002 ,   5.8255811935093457E-004 ,   2.9691530535961024E-004
   3.57999992     ,   6.0904687499999999E-002 ,   5.8815564516477548E-004 ,   3.0035850041612951E-004
   3.57000017     ,   5.9617578125000001E-002 ,   5.5161696104387837E-004 ,   2.9359817817559163E-004
   3.55999994     ,   6.0782031250000000E-002 ,   5.6639927422317486E-004 ,   2.9934445490576675E-004
   3.55000019     ,   6.0549609375000001E-002 ,   5.9040957033491565E-004 ,   3.0152703909817685E-004
   3.53999996     ,   5.9440234374999998E-002 ,   5.6945580784789629E-004 ,   2.9676459646686205E-004
   3.53000021     ,   5.9512109374999997E-002 ,   5.7958269624644226E-004 ,   2.9863237636541871E-004
   3.51999998     ,   6.2741015624999993E-002 ,   6.4859798467412630E-004 ,   3.1586048705579208E-004
   3.50999999     ,   6.2432031249999999E-002 ,   6.2960673560993169E-004 ,   3.1391759136867179E-004
   3.50000000     ,   6.3278515625000004E-002 ,   6.7947447194679133E-004 ,   3.2177054911343531E-004
   3.49000001     ,   6.3987890625000002E-002 ,   6.1490366109000899E-004 ,   3.1910870724872320E-004
   3.48000002     ,   6.1101171874999999E-002 ,   6.1682300805373526E-004 ,   3.1069915091218704E-004
   3.47000003     ,   6.1573828125000001E-002 ,   6.1631758065062298E-004 ,   3.1291028093728451E-004
   3.46000004     ,   6.4169531249999995E-002 ,   6.3967945551514837E-004 ,   3.2418779479706337E-004
   3.45000005     ,   6.3001562499999997E-002 ,   6.5793336979222319E-004 ,   3.2277261211711484E-004
   3.44000006     ,   6.2943359374999994E-002 ,   6.3239058850022580E-004 ,   3.2109941949703675E-004
   3.43000007     ,   6.6041015625000005E-002 ,   7.2525204056060166E-004 ,   3.4005020971185183E-004
   3.42000008     ,   6.6660546875000004E-002 ,   7.0767142798237328E-004 ,   3.4141423060345024E-004
   3.41000009     ,   6.4878124999999995E-002 ,   6.9734883898857499E-004 ,   3.3548595291766568E-004
   3.40000010     ,   6.4049609374999997E-002 ,   7.0870823443903422E-004 ,   3.3455942194483834E-004
   3.38999987     ,   6.8086328124999998E-002 ,   7.3100704581968387E-004 ,   3.5060517043870686E-004
   3.38000011     ,   6.7385156249999995E-002 ,   7.3819713416194458E-004 ,   3.4972269931643333E-004
   3.36999989     ,   6.6653124999999994E-002 ,   7.2613049888045568E-004 ,   3.4712898501942729E-004
   3.36000013     ,   6.7280859375000002E-002 ,   7.4453316291845566E-004 ,   3.5161820701852666E-004
   3.34999990     ,   6.7157812499999997E-002 ,   7.5559516050080586E-004 ,   3.5299714240919064E-004
   3.34000015     ,   6.8454687500000000E-002 ,   8.0038791335356992E-004 ,   3.6189617009068389E-004
   3.32999992     ,   6.5588281250000005E-002 ,   7.0570365080139055E-004 ,   3.4521730908078943E-004
   3.32000017     ,   6.5287109374999999E-002 ,   6.9734439318814049E-004 ,   3.4433190816741141E-004
   3.30999994     ,   7.0597265625000002E-002 ,   8.2083591800450749E-004 ,   3.7349105019929187E-004
   3.30000019     ,   6.9291015624999994E-002 ,   8.2123383297012418E-004 ,   3.7001725201963784E-004
   3.28999996     ,   7.0147265624999997E-002 ,   8.4652964875921979E-004 ,   3.7587722966851044E-004
   3.28000021     ,   6.8300390624999999E-002 ,   7.9012293669966215E-004 ,   3.6595264095657174E-004
   3.26999998     ,   6.8312109374999999E-002 ,   8.0072712291896352E-004 ,   3.6778329577171007E-004
   3.25999999     ,   7.3154296874999997E-002 ,   9.5166073007748383E-004 ,   3.9717699076107117E-004
   3.25000000     ,   7.1963671874999996E-002 ,   8.9435416262730917E-004 ,   3.8969084418998933E-004
   3.24000001     ,   7.1243749999999995E-002 ,   8.9823622647921414E-004 ,   3.8850122425251166E-004
   3.23000002     ,   7.0575781249999997E-002 ,   9.6710373466591651E-004 ,   3.9256672949396438E-004
   3.22000003     ,   7.3216015625000005E-002 ,   9.3594357532232337E-004 ,   4.0022836681524759E-004
   3.21000004     ,   7.7230859375000002E-002 ,   1.0044330972579793E-003 ,   4.2037862822662578E-004
   3.20000005     ,   7.2973437500000002E-002 ,   9.6251567153930674E-004 ,   4.0346462934962040E-004
   3.19000006     ,   7.4157812500000003E-002 ,   8.8207358013476492E-004 ,   4.0252865855624196E-004
   3.18000007     ,   6.9846484375000004E-002 ,   7.9252382076192896E-004 ,   3.8111396618158063E-004
   3.17000008     ,   7.4764062500000006E-002 ,   1.0296058310032682E-003 ,   4.1790978078342842E-004
   3.16000009     ,   7.2924609375000005E-002 ,   9.5953343888423748E-004 ,   4.0724294975107053E-004
   3.15000010     ,   7.6379296875000002E-002 ,   1.0239186013406459E-003 ,   4.2537506768372372E-004
   3.13999987     ,   7.4587890625000000E-002 ,   9.7056454567949404E-004 ,   4.1613322853339903E-004
   3.13000011     ,   7.7600000000000002E-002 ,   1.0668746412411611E-003 ,   4.3510217992645398E-004
   3.11999989     ,   7.9132812499999997E-002 ,   1.0928796790631787E-003 ,   4.4361208292941059E-004
   3.11000013     ,   7.6892578125000000E-002 ,   1.0754576115567754E-003 ,   4.3548536367722082E-004
   3.09999990     ,   8.4201953125000006E-002 ,   1.1942048236188668E-003 ,   4.7135508403807648E-004
   3.09000015     ,   8.1885156249999994E-002 ,   1.2218605720621821E-003 ,   4.6608419150632687E-004
   3.07999992     ,   8.3758984374999998E-002 ,   1.3082752881313673E-003 ,   4.7988726530354088E-004
   3.07000017     ,   8.2989453125000001E-002 ,   1.2052553098806653E-003 ,   4.7147981239804485E-004
   3.05999994     ,   7.9595312500000001E-002 ,   1.1443674438563643E-003 ,   4.5612321518192952E-004
   3.05000019     ,   8.4570312499999994E-002 ,   1.2735034089964763E-003 ,   4.8441490978283231E-004
   3.03999996     ,   7.7356250000000001E-002 ,   1.0620778121047381E-003 ,   4.4445237446353512E-004
   3.03000021     ,   8.5016015624999997E-002 ,   1.3440962581009639E-003 ,   4.9334728248640221E-004
   3.01999998     ,   8.4409765624999994E-002 ,   1.2777153628113842E-003 ,   4.8807400755509887E-004
   3.00999999     ,   8.3031640625000000E-002 ,   1.3314320858178095E-003 ,   4.8790505386789453E-004
   3.00000000     ,   7.9678906250000001E-002 ,   1.1784248965699931E-003 ,   4.6634357975934901E-004
   2.99000001     ,   8.6729687499999999E-002 ,   1.3441373933368824E-003 ,   5.0519119807684583E-004
   2.98000002     ,   8.3495703125000001E-002 ,   1.2766255049525177E-003 ,   4.8997642222032114E-004
   2.97000003     ,   8.7064453124999996E-002 ,   1.4883916249413857E-003 ,   5.1849067270059079E-004
   2.96000004     ,   8.7484375000000003E-002 ,   1.4784322695034859E-003 ,   5.2087146459579294E-004
   2.95000005     ,   9.0053906249999996E-002 ,   1.5348438981120018E-003 ,   5.3550294851645211E-004
   2.94000006     ,   8.3987500000000007E-002 ,   1.3076808018957459E-003 ,   4.9942700503497449E-004
   2.93000007     ,   8.9295312500000001E-002 ,   1.4677839245513438E-003 ,   5.3145122659433504E-004
   2.92000008     ,   9.8673437500000002E-002 ,   2.0176722767627549E-003 ,   6.0070908487874623E-004
   2.91000009     ,  0.10278906250000000      ,   1.7355282994200609E-003 ,   6.0254415218005035E-004
   2.90000010     ,   9.8262890625000002E-002 ,   1.6657431251777923E-003 ,   5.8267491418774551E-004
   2.89000010     ,   9.8652734374999995E-002 ,   1.7374447676602881E-003 ,   5.8998398145387963E-004
   2.88000011     ,   9.2310546874999996E-002 ,   1.6417950838357872E-003 ,   5.6147166680558798E-004
   2.87000012     ,  0.10707890624999999      ,   2.2663744610113465E-003 ,   6.5462163688678168E-004
   2.86000013     ,   9.3371093749999995E-002 ,   1.6210935802356918E-003 ,   5.6760138126652393E-004
   2.85000014     ,   9.9768750000000003E-002 ,   2.0426346938693281E-003 ,   6.1831356570970076E-004
   2.84000015     ,  0.10314257812500000      ,   2.2018851720106191E-003 ,   6.4170446235790185E-004
   2.83000016     ,  0.10854374999999999      ,   2.0753855983665715E-003 ,   6.5810746683908291E-004
   2.81999993     ,   9.8963671875000006E-002 ,   2.0674129723127965E-003 ,   6.2192977377737845E-004
   2.80999994     ,   9.9824609374999998E-002 ,   1.9940376356705181E-003 ,   6.2304680639604991E-004
   2.79999995     ,   9.8490624999999998E-002 ,   2.0042031631926872E-003 ,   6.2020268904992165E-004
   2.78999996     ,  0.10481914062500000      ,   2.1752633798560982E-003 ,   6.5631788041257055E-004
   2.77999997     ,  0.10180859375000000      ,   2.0325357134880237E-003 ,   6.3860717343970945E-004
   2.76999998     ,  0.12436054687500001      ,   2.8087229664183560E-003 ,   7.6930629185200652E-004
   2.75999999     ,  0.11549687500000000      ,   2.5406485736945957E-003 ,   7.2350527919458601E-004
   2.75000000     ,  0.11596015625000000      ,   2.4207363689741743E-003 ,   7.2179064518812963E-004
   2.74000001     ,  0.12410156250000000      ,   2.9412657865356320E-003 ,   7.8122455384442059E-004
   2.73000002     ,  0.10754609375000000      ,   2.4462817868067975E-003 ,   6.9329837943047810E-004
   2.72000003     ,  0.11539726562500000      ,   2.7067992373459903E-003 ,   7.3990106911109169E-004
   2.71000004     ,  0.11786289062499999      ,   3.0403494508952490E-003 ,   7.6769135319621536E-004
   2.70000005     ,  0.13593749999999999      ,   3.1309225680779505E-003 ,   8.4793195152352220E-004
   2.69000006     ,  0.12351484375000001      ,   3.1091054702870758E-003 ,   7.9838160990180844E-004
   2.68000007     ,  0.13316757812499999      ,   3.6885125688099060E-003 ,   8.6477109266050174E-004
   2.67000008     ,  0.12529492187499999      ,   3.5977918642743820E-003 ,   8.3187139292470404E-004
   2.66000009     ,  0.12599804687499999      ,   3.0535863699857830E-003 ,   8.1366931165649970E-004
   2.65000010     ,  0.13034609375000000      ,   3.5792685121364891E-003 ,   8.5676789216453618E-004
   2.64000010     ,  0.14552187499999999      ,   4.1819189831117220E-003 ,   9.4589264588140949E-004
   2.63000011     ,  0.14687343750000001      ,   4.5069117666334865E-003 ,   9.6652403525677804E-004
   2.62000012     ,  0.15869140625000000      ,   4.8529312922935908E-003 ,   1.0306956551874649E-003
   2.61000013     ,  0.14462539062499999      ,   3.9902929418510385E-003 ,   9.4395323794575206E-004
   2.60000014     ,  0.14934921875000001      ,   4.2069525012273694E-003 ,   9.7511170959509771E-004
   2.59000015     ,  0.15338437499999999      ,   4.8280114030851721E-003 ,   1.0176231135381008E-003
   2.58000016     ,  0.15808125000000001      ,   5.1309190693856850E-003 ,   1.0510432762932756E-003
   2.57000017     ,  0.16123007812500001      ,   5.4312786555654712E-003 ,   1.0777333462029626E-003
   2.55999994     ,  0.16599375000000000      ,   5.4959551610946648E-003 ,   1.1034395280796728E-003
   2.54999995     ,  0.16860937500000001      ,   5.8523201738605165E-003 ,   1.1294283170878547E-003
   2.53999996     ,  0.17506679687500001      ,   6.0543707585560304E-003 ,   1.1666843278874206E-003
   2.52999997     ,  0.18563203125000000      ,   6.7584807246219951E-003 ,   1.2360908929345041E-003
   2.51999998     ,  0.18782304687500001      ,   7.1578702716504888E-003 ,   1.2607912526297592E-003
   2.50999999     ,  0.19847812500000001      ,   7.7352697958225115E-003 ,   1.3255694533623236E-003
   2.50000000     ,  0.19935117187500001      ,   7.8882191165060237E-003 ,   1.3377976789913832E-003
   2.49000001     ,  0.21184804687500000      ,   8.5512457692470713E-003 ,   1.4118800136541454E-003
   2.48000002     ,  0.21657812500000001      ,   8.8849970560923464E-003 ,   1.4447454519171937E-003
   2.47000003     ,  0.23458554687500000      ,   1.0125428547087154E-002 ,   1.5536639960877505E-003
   2.46000004     ,  0.23107617187500001      ,   1.0354228252349001E-002 ,   1.5494952749837937E-003
   2.45000005     ,  0.24582734375000001      ,   1.1078240093904174E-002 ,   1.6319452917818312E-003
   2.44000006     ,  0.25980117187500001      ,   1.1883887699447456E-002 ,   1.7113663061466458E-003
   2.43000007     ,  0.27756484375000001      ,   1.3240331712571633E-002 ,   1.8152883315435528E-003
   2.42000008     ,  0.28396718750000000      ,   1.3883873922686729E-002 ,   1.8589199078227242E-003
   2.41000009     ,  0.30087343750000001      ,   1.4409434891625057E-002 ,   1.9423997562781248E-003
   2.40000010     ,  0.31721250000000001      ,   1.5501358292324728E-002 ,   2.0313137218209926E-003
   2.39000010     ,  0.32898906249999998      ,   1.6147168000953848E-002 ,   2.0943032828403471E-003
   2.38000011     ,  0.35315156250000002      ,   1.7651506630111429E-002 ,   2.2148590971475825E-003
   2.37000012     ,  0.38091093749999999      ,   1.8504882587563439E-002 ,   2.3360125372854641E-003
   2.36000013     ,  0.39586914062500000      ,   1.9276870502130845E-002 ,   2.4069109879016862E-003
   2.35000014     ,  0.41965937500000000      ,   1.9899735038948735E-002 ,   2.5045261742563814E-003
   2.34000015     ,  0.44995195312500003      ,   2.0205770861090072E-002 ,   2.6161962030815246E-003
   2.33000016     ,  0.48512304687500002      ,   2.0012455316693337E-002 ,   2.7312029991198583E-003
   2.32000017     ,  0.51580859374999999      ,   1.9544279400707996E-002 ,   2.8227359981445347E-003
   2.30999994     ,  0.53732890624999996      ,   1.9368606591140144E-002 ,   2.8866833655886472E-003
   2.29999995     ,  0.57295078124999999      ,   1.7521810311315826E-002 ,   2.9665105096863941E-003
   2.28999996     ,  0.60192539062499995      ,   1.6398104348907382E-002 ,   3.0253389777911148E-003
   2.27999997     ,  0.62219687499999998      ,   1.5568570107274566E-002 ,   3.0642696370533373E-003
   2.26999998     ,  0.65091484374999997      ,   1.3465805228693251E-002 ,   3.1021687901578924E-003
   2.25999999     ,  0.67536796875000005      ,   1.2451728419370294E-002 ,   3.1276981398668390E-003
   2.25000000     ,  0.70371445312500003      ,   9.9544656719719876E-003 ,   3.1410751365556714E-003
   2.24000001     ,  0.72544726562499995      ,   8.0770542174893305E-003 ,   3.1446718089068837E-003
   2.23000002     ,  0.73957695312500005      ,   7.2142746624885351E-003 ,   3.1459961007080568E-003
   2.22000003     ,  0.75645117187499999      ,   6.2488005850035080E-003 ,   3.1380682655206709E-003
   2.21000004     ,  0.77143671874999997      ,   4.9029102971295197E-003 ,   3.1273654410008027E-003
   2.20000005     ,  0.78513085937500005      ,   4.3387034008966468E-003 ,   3.1109336754920162E-003
   2.19000006     ,  0.79555898437499994      ,   3.5125957727017154E-003 ,   3.0989090556898420E-003
   2.18000007     ,  0.80824726562500004      ,   2.9950082369718375E-003 ,   3.0741082827787682E-003
   2.17000008     ,  0.81882460937500001      ,   2.1698795964861348E-003 ,   3.0525575645630808E-003
   2.16000009     ,  0.82668867187499995      ,   2.1371703088614970E-003 ,   3.0335354268810517E-003
   2.15000010     ,  0.83585859375000005      ,   1.6327179929697773E-003 ,   3.0086794638503468E-003
   2.14000010     ,  0.84255703125000003      ,   1.6249377850672876E-003 ,   2.9891973286728544E-003
   2.13000011     ,  0.85072695312500002      ,   1.3639286469603407E-003 ,   2.9597761936575153E-003
   2.12000012     ,  0.85715703124999998      ,   1.1687166479643217E-003 ,   2.9366476328254363E-003
   2.11000013     ,  0.86381484374999995      ,   1.0312151999688993E-003 ,   2.9095769549732984E-003
   2.10000014     ,  0.86798242187499997      ,   1.0623483496924420E-003 ,   2.8948290749547046E-003
   2.09000015     ,  0.87298984374999999      ,   7.3788714673270498E-004 ,   2.8755151781513196E-003
   2.08000016     ,  0.87954648437500005      ,   6.8409096894976444E-004 ,   2.8402494296810190E-003
   2.07000017     ,  0.88499140624999995      ,   6.2830497341813092E-004 ,   2.8104284754075157E-003
   2.06000018     ,  0.88906523437499996      ,   6.8480854639361944E-004 ,   2.7883227471375443E-003
   2.04999995     ,  0.89565859375000001      ,   4.0655451587393650E-004 ,   2.7446338025915503E-003
   2.03999996     ,  0.89262695312499996      ,   5.0756936040313012E-004 ,   2.7855144770432948E-003
   2.02999997     ,  0.90158710937499997      ,   3.9108750510143792E-004 ,   2.7141503980332277E-003
   2.01999998     ,  0.90469609375000004      ,   4.0762461536379110E-004 ,   2.6947325208387706E-003
   2.00999999     ,  0.90869179687500001      ,   3.9316357036199280E-004 ,   2.6653745158229042E-003
   2.00000000     ,  0.90840546874999994      ,   3.9814618499761645E-004 ,   2.6820866179211168E-003
   1.99000001     ,  0.91612499999999997      ,   2.7293615911460039E-004 ,   2.6078659817489001E-003
   1.98000002     ,  0.91542968749999998      ,   3.7293865808621325E-004 ,   2.6280657659833880E-003
   1.97000003     ,  0.92205507812499998      ,   2.9395107099189875E-004 ,   2.5595290376626725E-003
   1.96000004     ,  0.92468437500000000      ,   2.5316784177403985E-004 ,   2.5381441470571512E-003
   1.95000005     ,  0.92667031249999998      ,   2.5979689582301198E-004 ,   2.5240804564849680E-003
   1.94000006     ,  0.92783242187500004      ,   2.6812695438352510E-004 ,   2.5204092214237478E-003
   1.93000007     ,  0.93124648437500002      ,   2.3035845256113755E-004 ,   2.4845455324429477E-003
   1.92000008     ,  0.93297460937499999      ,   2.4217785666427578E-004 ,   2.4713823491858602E-003
   1.91000009     ,  0.93511992187500004      ,   2.0368247636619235E-004 ,   2.4519464589923198E-003
   1.90000010     ,  0.93774882812500004      ,   1.9650100237444775E-004 ,   2.4227520506340354E-003
   1.89000010     ,  0.94091093749999999      ,   1.8492699302868863E-004 ,   2.3828889651054046E-003
   1.88000011     ,  0.94314960937500003      ,   1.5698588084485357E-004 ,   2.3574455130937794E-003
   1.87000012     ,  0.94477421875000001      ,   1.5009271650484303E-004 ,   2.3408430022974712E-003
   1.86000013     ,  0.94590429687499999      ,   1.5721061846577891E-004 ,   2.3323399841502866E-003
   1.85000014     ,  0.94795390624999998      ,   1.3343236015369070E-004 ,   2.3070363749902963E-003
   1.84000015     ,  0.95017265625000003      ,   1.4201922338026514E-004 ,   2.2758866536936881E-003
   1.83000016     ,  0.95240000000000002      ,   1.2076916052802015E-004 ,   2.2436630041022111E-003
   1.82000017     ,  0.95381640624999997      ,   1.1248888456141317E-004 ,   2.2264280074561667E-003
   1.81000018     ,  0.95502343749999996      ,   1.3556550651624979E-004 ,   2.2120431071170621E-003
   1.80000019     ,  0.95748710937500003      ,   9.9754591272956886E-005 ,   2.1705643153680405E-003
   1.78999996     ,  0.95794492187500002      ,   1.0608303669490432E-004 ,   2.1719116812043099E-003
   1.77999997     ,  0.96030156249999998      ,   9.8369434305735397E-005 ,   2.1288708005063293E-003
   1.76999998     ,  0.96194687499999998      ,   9.5094405482053012E-005 ,   2.1006034606643543E-003
   1.75999999     ,  0.96261093750000004      ,   9.2267758963299274E-005 ,   2.0959494029193773E-003
   1.75000000     ,  0.96450390625000004      ,   8.0170823547565917E-005 ,   2.0591265772778693E-003
   1.74000001     ,  0.96492656249999997      ,   8.8002438534484959E-005 ,   2.0594561658822371E-003
   1.73000002     ,  0.96703632812499996      ,   7.3654902939104952E-005 ,   2.0140923748159785E-003
   1.72000003     ,  0.96754453124999995      ,   7.2376923212756703E-005 ,   2.0114011197977289E-003
   1.71000004     ,  0.96910156250000001      ,   7.1526239863428550E-005 ,   1.9781144819126318E-003
   1.70000005     ,  0.96938124999999997      ,   7.1891200907976623E-005 ,   1.9816753995573078E-003
   1.69000006     ,  0.97053164062499997      ,   6.8657528297489214E-005 ,   1.9581933679769831E-003
   1.68000007     ,  0.97260585937499999      ,   5.8972345334783485E-005 ,   1.9046583366311455E-003
   1.67000008     ,  0.97280195312499995      ,   6.1546450181480428E-005 ,   1.9099354012237113E-003
   1.66000009     ,  0.97427695312499996      ,   5.3711926819021311E-005 ,   1.8724319983830732E-003
   1.65000010     ,  0.97542773437499997      ,   5.2940223995384196E-005 ,   1.8438107114460125E-003
   1.64000010     ,  0.97629687499999995      ,   5.2195065990401007E-005 ,   1.8243576939021840E-003
   1.63000011     ,  0.97714140625000001      ,   4.6539648262502736E-005 ,   1.8047225306757815E-003
   1.62000012     ,  0.97784414062500002      ,   4.6284991921232861E-005 ,   1.7894517597102568E-003
   1.61000013     ,  0.97911015624999997      ,   4.2140176045372453E-005 ,   1.7514666485964000E-003
   1.60000014     ,  0.97992734375000001      ,   3.7906548127466524E-005 ,   1.7297805830574053E-003
   1.59000015     ,  0.98034179687500000      ,   4.2405933475912072E-005 ,   1.7232827153389203E-003
   1.58000016     ,  0.98121953125000005      ,   3.9387557813656642E-005 ,   1.6970884872323769E-003
   1.57000017     ,  0.98169414062500004      ,   3.8820905704599641E-005 ,   1.6872957466958374E-003
   1.56000018     ,  0.98276757812500004      ,   3.3276066226321374E-005 ,   1.6503106883849681E-003
   1.55000019     ,  0.98326054687499997      ,   3.3013655141874247E-005 ,   1.6380894506506686E-003
   1.53999996     ,  0.98436054687499996      ,   2.9523143833577435E-005 ,   1.5961083066738369E-003
   1.52999997     ,  0.98497578124999996      ,   2.8395765216818745E-005 ,   1.5763223729966000E-003
   1.51999998     ,  0.98527734374999998      ,   2.9312324244375957E-005 ,   1.5711738894331961E-003
   1.50999999     ,  0.98568671875000002      ,   2.7908813697767861E-005 ,   1.5605391015952011E-003
   1.50000000     ,  0.98657265625000001      ,   2.4887912118609396E-005 ,   1.5236015955109744E-003
   1.49000001     ,  0.98707421875000001      ,   2.6885360421539274E-005 ,   1.5059030588548139E-003
   1.48000002     ,  0.98739921875000003      ,   2.3552295674631589E-005 ,   1.4980472950524011E-003
   1.47000003     ,  0.98826093749999999      ,   2.3481646047847266E-005 ,   1.4576881835884248E-003
   1.46000004     ,  0.98871210937499998      ,   2.0744469403780209E-005 ,   1.4401911579648436E-003
   1.45000005     ,  0.98911796875000002      ,   2.0443812159402353E-005 ,   1.4246525215132475E-003
   1.44000006     ,  0.98959453124999996      ,   2.0138099326150965E-005 ,   1.4039306200468180E-003
   1.43000007     ,  0.99010117187500002      ,   1.8741496245808828E-005 ,   1.3804516928307522E-003
   1.42000008     ,  0.99039453124999999      ,   1.7805705341598777E-005 ,   1.3696650854547218E-003
   1.41000009     ,  0.99106445312500002      ,   1.6941515886928451E-005 ,   1.3323911855535218E-003
   1.40000010     ,  0.99131289062500005      ,   1.6753264273236365E-005 ,   1.3236144676288064E-003
   1.39000010     ,  0.99165273437500001      ,   1.6813300898448908E-005 ,   1.3076792202728208E-003
   1.38000011     ,  0.99231015624999996      ,   1.3661193280360035E-005 ,   1.2659342823649854E-003
   1.37000012     ,  0.99261640625000003      ,   1.3511756333617507E-005 ,   1.2504393865887726E-003
   1.36000013     ,  0.99278554687499998      ,   1.3782392019317777E-005 ,   1.2452869769624879E-003
   1.35000014     ,  0.99327851562500002      ,   1.3065381979278961E-005 ,   1.2125549845630459E-003
   1.34000015     ,  0.99355234375000001      ,   1.2219779352365076E-005 ,   1.1972651159040974E-003
   1.33000016     ,  0.99390078125000003      ,   1.1094515854832997E-005 ,   1.1741990313153868E-003
   1.32000017     ,  0.99415507812500004      ,   1.0794855223513744E-005 ,   1.1586298038243667E-003
   1.31000018     ,  0.99437539062500002      ,   1.0812049885982703E-005 ,   1.1462991370316800E-003
   1.30000019     ,  0.99477499999999996      ,   9.8011442393502237E-006 ,   1.1145589160135184E-003
   1.29000020     ,  0.99501249999999997      ,   9.6554026891972052E-006 ,   1.0979990393134526E-003
   1.27999997     ,  0.99518632812499996      ,   9.4173754453495684E-006 ,   1.0881614675393046E-003
   1.26999998     ,  0.99543437499999998      ,   8.7216179742216421E-006 ,   1.0690425892798420E-003
   1.25999999     ,  0.99580429687500005      ,   8.2501511413564822E-006 ,   1.0343010424558889E-003
   1.25000000     ,  0.99598828125000005      ,   7.6949586106600348E-006 ,   1.0200621217284617E-003
   1.24000001     ,  0.99612031249999999      ,   7.4307074309626173E-006 ,   1.0120064363781411E-003
   1.23000002     ,  0.99647265625000003      ,   6.5289132923774724E-006 ,   9.7446929763955216E-004
   1.22000003     ,  0.99667031250000004      ,   6.3250710600287020E-006 ,   9.5542745019050620E-004
   1.21000004     ,  0.99681445312500006      ,   6.2713588042786771E-006 ,   9.4312215162586878E-004
   1.20000005     ,  0.99709687499999999      ,   5.3603331240985451E-006 ,   9.0965874189975890E-004
   1.19000006     ,  0.99714570312499995      ,   5.5101857467738001E-006 ,   9.0973212739450045E-004
   1.18000007     ,  0.99750312500000005      ,   4.6891466966338192E-006 ,   8.6041409725106266E-004
   1.17000008     ,  0.99752304687500004      ,   4.8563009122649006E-006 ,   8.6469914638474376E-004
   1.16000009     ,  0.99771796874999996      ,   4.1739408923271788E-006 ,   8.3876016312483333E-004
   1.15000010     ,  0.99794101562500004      ,   4.0417952712046240E-006 ,   8.0537787069563996E-004
   1.14000010     ,  0.99793359375000001      ,   4.1942793958100503E-006 ,   8.1367472127621444E-004
   1.13000011     ,  0.99821015624999998      ,   3.6317636580814716E-006 ,   7.6737628102418348E-004
   1.12000012     ,  0.99815156250000003      ,   3.7231679767052808E-006 ,   7.8592919615245505E-004
   1.11000013     ,  0.99840937500000004      ,   3.1107052628591548E-006 ,   7.3891734682507415E-004
   1.10000014     ,  0.99843242187500003      ,   3.0990363014911006E-006 ,   7.4055361841386983E-004
   1.09000015     ,  0.99853476562499999      ,   2.9726635082615414E-006 ,   7.2430883074374290E-004
   1.08000016     ,  0.99857617187500003      ,   2.9089146374159184E-006 ,   7.2095092093753894E-004
   1.07000017     ,  0.99875625000000001      ,   2.4445637755253559E-006 ,   6.8346619040497204E-004
   1.06000018     ,  0.99882812499999996      ,   2.4471639337231709E-006 ,   6.7164344275008451E-004
   1.05000019     ,  0.99889023437500002      ,   2.3169695251354688E-006 ,   6.6133320937124317E-004
   1.04000020     ,  0.99892773437500004      ,   2.1949139799628723E-006 ,   6.5730328686331363E-004
   1.02999997     ,  0.99905234374999996      ,   1.9235740024508380E-006 ,   6.2705901028190598E-004
   1.01999998     ,  0.99911093750000002      ,   1.8699233134111937E-006 ,   6.1549846979121420E-004
   1.00999999     ,  0.99917500000000004      ,   1.7448585485497013E-006 ,   6.0115966537815544E-004
   1.00000000     ,  0.99927578125000005      ,   1.5613836669148284E-006 ,   5.7318439668834517E-004
