   5.00000000     ,   8.4845312500000006E-002 ,   8.1015450377146128E-004 ,   2.9830117398848676E-004
   4.98999977     ,   8.5240625000000000E-002 ,   8.0583588529077566E-004 ,   2.9939229934886541E-004
   4.98000002     ,   8.6264062500000002E-002 ,   8.1444001450710227E-004 ,   3.0274324315528872E-004
   4.96999979     ,   8.3684375000000005E-002 ,   8.2286231716987212E-004 ,   2.9802728038831166E-004
   4.96000004     ,   8.5221875000000002E-002 ,   8.0610225934117142E-004 ,   3.0085927302532235E-004
   4.94999981     ,   8.5007812500000002E-002 ,   8.4246323977216230E-004 ,   3.0325441443270938E-004
   4.94000006     ,   8.5375000000000006E-002 ,   8.3828716305346424E-004 ,   3.0430945980549511E-004
   4.92999983     ,   8.6581249999999998E-002 ,   8.4366695315841133E-004 ,   3.0788561033712956E-004
   4.92000008     ,   8.5887500000000006E-002 ,   8.4026502903422368E-004 ,   3.0661118368211860E-004
   4.90999985     ,   8.6110937499999998E-002 ,   8.5745707682727257E-004 ,   3.0874136147972692E-004
   4.90000010     ,   8.4698437500000001E-002 ,   8.3103280770681831E-004 ,   3.0434060235822504E-004
   4.88999987     ,   8.6835937500000002E-002 ,   8.3868763504583500E-004 ,   3.1022085926629207E-004
   4.88000011     ,   8.9696874999999995E-002 ,   9.1941013594892210E-004 ,   3.2238255946191735E-004
   4.86999989     ,   8.8353125000000005E-002 ,   8.9596600807139543E-004 ,   3.1840510924564119E-004
   4.86000013     ,   8.8450000000000001E-002 ,   8.8106850542161151E-004 ,   3.1821714517810763E-004
   4.84999990     ,   8.5862499999999994E-002 ,   8.4165979120810459E-004 ,   3.1028310966558392E-004
   4.84000015     ,   8.9667187499999995E-002 ,   9.4572064212632091E-004 ,   3.2613609033928232E-004
   4.82999992     ,   8.6139062500000002E-002 ,   8.4090441716976137E-004 ,   3.1193185524186744E-004
   4.82000017     ,   8.7314062499999998E-002 ,   8.7623120618070976E-004 ,   3.1745898682860994E-004
   4.80999994     ,   8.5560937500000003E-002 ,   8.6106872992500162E-004 ,   3.1297134654276020E-004
   4.80000019     ,   8.7404687499999995E-002 ,   8.8293621704730457E-004 ,   3.1918671917839360E-004
   4.78999996     ,   8.7929687500000006E-002 ,   9.0285616144735706E-004 ,   3.2222022949521755E-004
   4.78000021     ,   8.8912500000000005E-002 ,   9.0973781253635469E-004 ,   3.2549799014134565E-004
   4.76999998     ,   8.9798437499999995E-002 ,   9.5326377010271639E-004 ,   3.3083589083442492E-004
   4.76000023     ,   8.9882812500000006E-002 ,   9.5222499525107166E-004 ,   3.3153976977112932E-004
   4.75000000     ,   8.8087499999999999E-002 ,   9.1174272060880201E-004 ,   3.2538427223266345E-004
   4.73999977     ,   8.8615625000000003E-002 ,   9.3975202159991584E-004 ,   3.2894870080151645E-004
   4.73000002     ,   8.9007812500000005E-002 ,   9.2786016714664556E-004 ,   3.2969642705968789E-004
   4.71999979     ,   8.7043750000000003E-002 ,   9.1393876318300604E-004 ,   3.2476901914894473E-004
   4.71000004     ,   8.7859375000000003E-002 ,   9.0933158550319030E-004 ,   3.2696636766128855E-004
   4.69999981     ,   8.9321874999999995E-002 ,   9.6012637267274873E-004 ,   3.3418437240483777E-004
   4.69000006     ,   8.9142187499999997E-002 ,   9.8126226909478562E-004 ,   3.3565690454281466E-004
   4.67999983     ,   8.9457812499999997E-002 ,   9.9021925196660912E-004 ,   3.3754253325195277E-004
   4.67000008     ,   9.0787499999999993E-002 ,   1.0074460941384283E-003 ,   3.4233820891316577E-004
   4.65999985     ,   9.2278125000000003E-002 ,   1.0325014389320850E-003 ,   3.4800165814349930E-004
   4.65000010     ,   9.0134375000000003E-002 ,   9.7168772371617731E-004 ,   3.3979472829249140E-004
   4.63999987     ,   8.9207812499999997E-002 ,   9.7923249796754786E-004 ,   3.3864967002498851E-004
   4.63000011     ,   9.1399999999999995E-002 ,   1.0132774397072473E-003 ,   3.4658677419089403E-004
   4.61999989     ,   8.9403125000000000E-002 ,   9.9046079065907280E-004 ,   3.4102182495073587E-004
   4.61000013     ,   8.8451562499999997E-002 ,   9.7826570106929298E-004 ,   3.3858063671201704E-004
   4.59999990     ,   8.7360937499999999E-002 ,   9.8978597661268717E-004 ,   3.3729466233584727E-004
   4.59000015     ,   9.1601562499999997E-002 ,   1.0283502603320135E-003 ,   3.5047250487730235E-004
   4.57999992     ,   9.2376562499999995E-002 ,   1.0404135037767328E-003 ,   3.5370753459656540E-004
   4.57000017     ,   9.1017187499999999E-002 ,   1.0205857424453772E-003 ,   3.4985153771647820E-004
   4.55999994     ,   8.9796874999999998E-002 ,   1.0126798298948270E-003 ,   3.4702495322413654E-004
   4.55000019     ,   9.1050000000000006E-002 ,   1.0421767150105442E-003 ,   3.5250162118704046E-004
   4.53999996     ,   9.2462500000000003E-002 ,   1.0483909358520946E-003 ,   3.5696445694056349E-004
   4.53000021     ,   9.0095312499999997E-002 ,   1.0008763103026693E-003 ,   3.4891384136676246E-004
   4.51999998     ,   9.2234374999999993E-002 ,   1.0905627368358330E-003 ,   3.6023227650439299E-004
   4.51000023     ,   9.6437499999999995E-002 ,   1.1629113190844073E-003 ,   3.7541585275045904E-004
   4.50000000     ,   9.3964062500000001E-002 ,   1.1295010017965147E-003 ,   3.6809142330960186E-004
   4.48999977     ,   9.2551562500000004E-002 ,   1.0918995672965120E-003 ,   3.6306343948002974E-004
   4.48000002     ,   9.1737500000000000E-002 ,   1.0894018102021725E-003 ,   3.6157992183610680E-004
   4.47000027     ,   9.3734374999999995E-002 ,   1.1482364006385327E-003 ,   3.7064994333481908E-004
   4.46000004     ,   9.3260937500000002E-002 ,   1.0805121951475204E-003 ,   3.6615091638250784E-004
   4.44999981     ,   9.3424999999999994E-002 ,   1.1271763030562575E-003 ,   3.7000619953949455E-004
   4.44000006     ,   9.1029687499999998E-002 ,   1.0921575420846303E-003 ,   3.6264923639539061E-004
   4.42999983     ,   9.6043749999999997E-002 ,   1.1307155402373802E-003 ,   3.7814096940547029E-004
   4.42000008     ,   9.2884375000000005E-002 ,   1.0966957590377233E-003 ,   3.6890081680854899E-004
   4.40999985     ,   9.4473437499999993E-002 ,   1.1749645158706096E-003 ,   3.7818645806600247E-004
   4.40000010     ,   9.5003124999999994E-002 ,   1.1564534809253800E-003 ,   3.7914111364329724E-004
   4.38999987     ,   9.5770312499999996E-002 ,   1.1531241451453560E-003 ,   3.8159565441582706E-004
   4.38000011     ,   9.4625000000000001E-002 ,   1.1802506611628342E-003 ,   3.8099726052688088E-004
   4.36999989     ,   9.4154687500000001E-002 ,   1.1579126105740463E-003 ,   3.7922272250627960E-004
   4.36000013     ,   9.4496874999999994E-002 ,   1.1523389780447384E-003 ,   3.8047678360440536E-004
   4.34999990     ,   9.6179687500000000E-002 ,   1.2044815053683805E-003 ,   3.8849990836156191E-004
   4.34000015     ,   9.3328124999999998E-002 ,   1.1262966369560345E-003 ,   3.7739329738406254E-004
   4.32999992     ,   9.5895312499999996E-002 ,   1.1870251849574851E-003 ,   3.8825184012529344E-004
   4.32000017     ,   9.5515625000000007E-002 ,   1.1325203600595301E-003 ,   3.8485611928485255E-004
   4.30999994     ,   9.7806249999999997E-002 ,   1.2305201677712311E-003 ,   3.9713160882139922E-004
   4.30000019     ,   9.5309375000000002E-002 ,   1.1852311508359396E-003 ,   3.8885622503550177E-004
   4.28999996     ,   9.5473437499999994E-002 ,   1.2623142559206821E-003 ,   3.9447583384855610E-004
   4.28000021     ,   9.8329687499999999E-002 ,   1.2775651186964370E-003 ,   4.0343659160832046E-004
   4.26999998     ,   9.8223437499999997E-002 ,   1.2486153668067573E-003 ,   4.0230687909843289E-004
   4.26000023     ,   9.3564062500000003E-002 ,   1.1330479187628994E-003 ,   3.8423972260386827E-004
   4.25000000     ,   9.6957812500000004E-002 ,   1.1823587997860634E-003 ,   3.9677227744403843E-004
   4.23999977     ,   9.5693749999999994E-002 ,   1.2103458975887495E-003 ,   3.9584733097432722E-004
   4.23000002     ,   9.8218749999999994E-002 ,   1.3151621414287371E-003 ,   4.0917763888559980E-004
   4.22000027     ,   9.9342187499999998E-002 ,   1.2971998808999309E-003 ,   4.1190878009086511E-004
   4.21000004     ,  0.10257968750000000      ,   1.3745472305671592E-003 ,   4.2548243292139093E-004
   4.19999981     ,   9.6759374999999995E-002 ,   1.2577315068494593E-003 ,   4.0451116307844146E-004
   4.19000006     ,   9.7770312499999998E-002 ,   1.2900266086841982E-003 ,   4.0978409366154673E-004
   4.17999983     ,   9.9496874999999999E-002 ,   1.3180161968243903E-003 ,   4.1672830882159004E-004
   4.17000008     ,   9.7956249999999995E-002 ,   1.3067278779926085E-003 ,   4.1283546908093600E-004
   4.15999985     ,   9.6042187500000001E-002 ,   1.2471730052848007E-003 ,   4.0518925924811839E-004
   4.15000010     ,   9.8049999999999998E-002 ,   1.3151275488992454E-003 ,   4.1519168063982985E-004
   4.13999987     ,  0.10191406250000000      ,   1.4331552671008698E-003 ,   4.3281095949878858E-004
   4.13000011     ,   9.7946875000000003E-002 ,   1.3385440225356098E-003 ,   4.1788825145207172E-004
   4.11999989     ,  0.10184531249999999      ,   1.4375926517708958E-003 ,   4.3459256082338055E-004
   4.11000013     ,   9.9154687500000005E-002 ,   1.3455654405949682E-003 ,   4.2319986643115303E-004
   4.09999990     ,   9.8914062499999997E-002 ,   1.3461032946460040E-003 ,   4.2342253123586629E-004
   4.09000015     ,   9.9451562499999993E-002 ,   1.3840682839430872E-003 ,   4.2783240840342670E-004
   4.07999992     ,  0.10140312500000000      ,   1.3822725176366149E-003 ,   4.3388234332401859E-004
   4.07000017     ,  0.10018437500000001      ,   1.4417625762779228E-003 ,   4.3471487942586129E-004
   4.05999994     ,  0.10309843750000000      ,   1.4298996094764132E-003 ,   4.4286483840975992E-004
   4.05000019     ,  0.10407968750000000      ,   1.4703110230850659E-003 ,   4.4861598127053827E-004
   4.03999996     ,  0.10355312500000000      ,   1.4440234683930982E-003 ,   4.4668467596474819E-004
   4.03000021     ,   9.9389062500000000E-002 ,   1.4365767712459791E-003 ,   4.3579490692903099E-004
   4.01999998     ,  0.10090000000000000      ,   1.4923916703017063E-003 ,   4.4385282152191766E-004
   4.01000023     ,   9.9309375000000005E-002 ,   1.4508227458787497E-003 ,   4.3814096301358056E-004
   4.00000000     ,  0.10032343750000000      ,   1.4263465277099610E-003 ,   4.4047736333793232E-004
   3.99000001     ,  0.10661562500000001      ,   1.6182676042999235E-003 ,   4.6896257136327436E-004
   3.98000002     ,  0.10084218750000000      ,   1.5374863427058878E-003 ,   4.4979395356243483E-004
   3.97000003     ,  0.10784062500000000      ,   1.6331812819466468E-003 ,   4.7506647565728874E-004
   3.96000004     ,  0.10588281250000001      ,   1.5015509439863864E-003 ,   4.6375374316964867E-004
   3.95000005     ,  0.10728906250000000      ,   1.6025964213593816E-003 ,   4.7394253300605583E-004
   3.94000006     ,  0.11004218750000000      ,   1.7600819984770252E-003 ,   4.9059465124327341E-004
   3.93000007     ,  0.10762656249999999      ,   1.7759538889984328E-003 ,   4.8571572869319227E-004
   3.92000008     ,  0.10987968750000000      ,   1.6434591773423367E-003 ,   4.8634501080749483E-004
   3.90999985     ,  0.10956875000000001      ,   1.6273093919154996E-003 ,   4.8567649522082175E-004
   3.90000010     ,  0.10255156250000000      ,   1.5516101783251144E-003 ,   4.6286986192968391E-004
   3.88999987     ,  0.10839062500000000      ,   1.6979278182316768E-003 ,   4.8798535994484918E-004
   3.88000011     ,  0.10525468750000000      ,   1.5766205718761429E-003 ,   4.7383725766146395E-004
   3.86999989     ,  0.10868437500000000      ,   1.7295153262818237E-003 ,   4.9249217325728132E-004
   3.86000013     ,  0.10603593750000000      ,   1.5957235050354361E-003 ,   4.7910302533938194E-004
   3.84999990     ,  0.10597343750000000      ,   1.5853133272418368E-003 ,   4.7940713143095802E-004
   3.84000015     ,  0.10719375000000000      ,   1.6107248225889254E-003 ,   4.8528882633208355E-004
   3.82999992     ,  0.10940781250000001      ,   1.8037686013326990E-003 ,   5.0252958596656806E-004
   3.82000017     ,  0.11102500000000000      ,   1.7960087691551634E-003 ,   5.0786891952365955E-004
   3.80999994     ,  0.10947812500000000      ,   1.7440264289469681E-003 ,   5.0189764995906569E-004
   3.80000019     ,  0.10774531250000000      ,   1.6860653189577034E-003 ,   4.9500999471214699E-004
   3.78999996     ,  0.11185468749999999      ,   1.8885961112488135E-003 ,   5.1815061685348907E-004
   3.77999997     ,  0.11701406250000000      ,   2.0218090739652899E-003 ,   5.4063974396064871E-004
   3.76999998     ,  0.11153125000000000      ,   1.7886996237450516E-003 ,   5.1454298872028229E-004
   3.75999999     ,  0.10994531250000000      ,   1.7320230400706734E-003 ,   5.0817431052116566E-004
   3.75000000     ,  0.11171250000000001      ,   1.7622930502440726E-003 ,   5.1603852979017822E-004
   3.74000001     ,  0.11300625000000000      ,   1.9299896975593252E-003 ,   5.2925349274341165E-004
   3.73000002     ,  0.11345937500000000      ,   1.9975788261526978E-003 ,   5.3499777439931762E-004
   3.72000003     ,  0.11405625000000000      ,   1.9700403464700399E-003 ,   5.3662225161053899E-004
   3.71000004     ,  0.11376406250000000      ,   1.9545098383522848E-003 ,   5.3618784611112000E-004
   3.70000005     ,  0.11605312499999999      ,   1.8580307736751906E-003 ,   5.3958294981785863E-004
   3.69000006     ,  0.11343593750000000      ,   2.0283918987475812E-003 ,   5.4116840426324470E-004
   3.68000007     ,  0.11248125000000000      ,   1.9627697485685722E-003 ,   5.3636663484681274E-004
   3.67000008     ,  0.11862812500000000      ,   2.1123352317231662E-003 ,   5.6304405396965151E-004
   3.66000009     ,  0.11518750000000000      ,   1.9672273952443500E-003 ,   5.4712117392424135E-004
   3.65000010     ,  0.11732031250000000      ,   2.1031529267264799E-003 ,   5.6122090243907255E-004
   3.63999987     ,  0.11472031250000000      ,   1.9443801381467713E-003 ,   5.4709323593722496E-004
   3.63000011     ,  0.11733750000000000      ,   2.2321318115295198E-003 ,   5.6982055641873277E-004
   3.61999989     ,  0.11551406250000000      ,   2.0550961473493673E-003 ,   5.5731423115767086E-004
   3.61000013     ,  0.11459843750000000      ,   2.1294805406620772E-003 ,   5.5934756548560167E-004
   3.59999990     ,  0.11989218750000000      ,   2.2588967541698340E-003 ,   5.8266700921164353E-004
   3.59000015     ,  0.11719062500000001      ,   2.1196029615394548E-003 ,   5.6933147730431116E-004
   3.57999992     ,  0.11749062500000000      ,   2.2181284527981121E-003 ,   5.7615219432355683E-004
   3.57000017     ,  0.12020468750000000      ,   2.3052387230826569E-003 ,   5.8976436003905976E-004
   3.55999994     ,  0.12051874999999999      ,   2.2286229445365869E-003 ,   5.8860601246553033E-004
   3.55000019     ,  0.12261093750000000      ,   2.2326467091191710E-003 ,   5.9665458517303423E-004
   3.53999996     ,  0.13034843750000000      ,   2.6208482493346934E-003 ,   6.3892435524562623E-004
   3.53000021     ,  0.12335781250000000      ,   2.2998185983899820E-003 ,   6.0482540271868015E-004
   3.51999998     ,  0.11698124999999999      ,   2.0621993655428519E-003 ,   5.7532025803702506E-004
   3.50999999     ,  0.11986406249999999      ,   2.3092229156078162E-003 ,   5.9717593023421130E-004
   3.50000000     ,  0.12500937500000001      ,   2.4619490246782284E-003 ,   6.2147157205777752E-004
   3.49000001     ,  0.12589531250000000      ,   2.6101756302884288E-003 ,   6.3214688109360475E-004
   3.48000002     ,  0.12717500000000001      ,   2.6053679185333166E-003 ,   6.3742787729762027E-004
   3.47000003     ,  0.12437500000000000      ,   2.3546342781301062E-003 ,   6.1917263291068152E-004
   3.46000004     ,  0.12809531250000000      ,   2.5011577222716370E-003 ,   6.3901147441260847E-004
   3.45000005     ,  0.12798750000000000      ,   2.7640144700769478E-003 ,   6.5130345751262674E-004
   3.44000006     ,  0.13122500000000001      ,   2.7711221415401143E-003 ,   6.6336583752161571E-004
   3.43000007     ,  0.13225624999999999      ,   2.8584832582560283E-003 ,   6.7183607628062785E-004
   3.42000008     ,  0.12355937500000000      ,   2.5162473177578132E-003 ,   6.3123487443386282E-004
   3.41000009     ,  0.13511875000000001      ,   3.0060163553325991E-003 ,   6.9017729179376508E-004
   3.40000010     ,  0.13014999999999999      ,   2.6407371357983211E-003 ,   6.6089336345959507E-004
   3.38999987     ,  0.12949843750000001      ,   2.8544623320924151E-003 ,   6.6939171567292205E-004
   3.38000011     ,  0.13519218750000001      ,   2.9778692745247065E-003 ,   6.9433884926475180E-004
   3.36999989     ,  0.13112812500000001      ,   2.7827670139972446E-003 ,   6.7492144051962380E-004
   3.36000013     ,  0.13436093750000000      ,   2.8804327691899765E-003 ,   6.9112083742803982E-004
   3.34999990     ,  0.13067500000000001      ,   2.8026533512217730E-003 ,   6.7761177897722089E-004
   3.34000015     ,  0.13406874999999999      ,   2.9823191991973303E-003 ,   6.9775393708268647E-004
   3.32999992     ,  0.13196875000000000      ,   3.0942356400475842E-003 ,   6.9720374486330436E-004
   3.32000017     ,  0.13785625000000001      ,   3.2656012777084885E-003 ,   7.2484076204884593E-004
   3.30999994     ,  0.14253750000000001      ,   3.2541747184622206E-003 ,   7.4152759364688118E-004
   3.30000019     ,  0.14602499999999999      ,   3.2814318181602431E-003 ,   7.5597733590718923E-004
   3.28999996     ,  0.13930000000000001      ,   3.4316236479665328E-003 ,   7.4144674424651380E-004
   3.28000021     ,  0.13399843750000001      ,   3.1219472068231163E-003 ,   7.1372688428315996E-004
   3.26999998     ,  0.13772812500000001      ,   3.1961461654990194E-003 ,   7.3081489092981157E-004
   3.25999999     ,  0.14112500000000000      ,   3.2970500859438915E-003 ,   7.4791705657256018E-004
   3.25000000     ,  0.14588750000000000      ,   3.4429738181646114E-003 ,   7.7129994676585021E-004
   3.24000001     ,  0.14268125000000001      ,   3.4732003423047744E-003 ,   7.6371476519322538E-004
   3.23000002     ,  0.14141406249999999      ,   3.2528072077621459E-003 ,   7.5295526333817812E-004
   3.22000003     ,  0.14779375000000000      ,   3.6813451010785894E-003 ,   7.9252428963952641E-004
   3.21000004     ,  0.14590781250000001      ,   3.6006892236755714E-003 ,   7.8525379828012958E-004
   3.20000005     ,  0.14707500000000001      ,   3.5396496704101551E-003 ,   7.8898309174021736E-004
   3.19000006     ,  0.14562968749999999      ,   3.7147916460615045E-003 ,   7.9261828735438251E-004
   3.18000007     ,  0.14839531249999999      ,   4.1879131811077873E-003 ,   8.2110987712228777E-004
   3.17000008     ,  0.15619531249999999      ,   4.1659352284675964E-003 ,   8.4868016043532159E-004
   3.16000009     ,  0.14535624999999999      ,   3.7238330331511010E-003 ,   7.9827375247456210E-004
   3.15000010     ,  0.15238125000000000      ,   4.1241622541807587E-003 ,   8.3871922495839808E-004
   3.13999987     ,  0.14939531249999999      ,   3.8250532633261093E-003 ,   8.2004175852104977E-004
   3.13000011     ,  0.15636562500000001      ,   4.4040504684001525E-003 ,   8.6655464463122292E-004
   3.11999989     ,  0.15704531250000001      ,   4.3307073377808619E-003 ,   8.6855669501842544E-004
   3.11000013     ,  0.16065312500000001      ,   4.7742198750313006E-003 ,   8.9807063927513386E-004
   3.09999990     ,  0.15592343750000001      ,   4.1841542114300313E-003 ,   8.6428714523966398E-004
   3.09000015     ,  0.15733593749999999      ,   4.3086883508114274E-003 ,   8.7581254826597961E-004
   3.07999992     ,  0.16486718750000001      ,   4.8680132314958147E-003 ,   9.2285983847285500E-004
   3.07000017     ,  0.16027343750000000      ,   4.8110686741533746E-003 ,   9.0762966921625096E-004
   3.05999994     ,  0.16822812500000001      ,   4.8460259617840677E-003 ,   9.3888239856281495E-004
   3.05000019     ,  0.16293750000000001      ,   4.9834632501590511E-003 ,   9.2741453169001178E-004
   3.03999996     ,  0.16929687500000001      ,   5.0840979643380687E-003 ,   9.5531629824261474E-004
   3.03000021     ,  0.16647187499999999      ,   4.7599700586490731E-003 ,   9.3767221712803372E-004
   3.01999998     ,  0.16573125000000000      ,   4.8314777596096155E-003 ,   9.3994358362408477E-004
   3.00999999     ,  0.16966875000000001      ,   5.0748938701749204E-003 ,   9.6427773154556722E-004
   3.00000000     ,  0.17310781250000001      ,   5.5432313492831918E-003 ,   9.9358859129437425E-004
   2.99000001     ,  0.18583125000000000      ,   5.4816423723500294E-003 ,   1.0398618320262825E-003
   2.98000002     ,  0.17425156250000001      ,   5.4899535767782542E-003 ,   1.0015591218969768E-003
   2.97000003     ,  0.17167812499999999      ,   5.5730019865323083E-003 ,   9.9775902097854700E-004
   2.96000004     ,  0.18329531250000000      ,   6.1934135479286964E-003 ,   1.0601121316779652E-003
   2.95000005     ,  0.18768281249999999      ,   6.1272936701525348E-003 ,   1.0768743773131569E-003
   2.94000006     ,  0.17618281250000001      ,   6.0392118755675231E-003 ,   1.0363444451087407E-003
   2.93000007     ,  0.18824374999999999      ,   5.9193878222293418E-003 ,   1.0792091045541748E-003
   2.92000008     ,  0.18684999999999999      ,   6.1551505723181146E-003 ,   1.0839358635954214E-003
   2.91000009     ,  0.19952968750000000      ,   7.3219366727951323E-003 ,   1.1641841441303125E-003
   2.90000010     ,  0.19236406249999999      ,   6.9595851834794971E-003 ,   1.1323419599434880E-003
   2.89000010     ,  0.17677343749999999      ,   5.8762255291760655E-003 ,   1.0484602019103929E-003
   2.88000011     ,  0.20459218749999999      ,   6.9112167087090719E-003 ,   1.1820628243470310E-003
   2.87000012     ,  0.19190468750000000      ,   6.5143505064636656E-003 ,   1.1284113039102864E-003
   2.86000013     ,  0.17456093750000001      ,   5.9935238811347795E-003 ,   1.0529759244550397E-003
   2.85000014     ,  0.20795625000000001      ,   7.6079006029280841E-003 ,   1.2226763868052400E-003
   2.84000015     ,  0.21426718750000001      ,   7.7929800893001538E-003 ,   1.2539632441139438E-003
   2.83000016     ,  0.21831093750000000      ,   8.5943240381082357E-003 ,   1.2916011750102926E-003
   2.81999993     ,  0.19057031250000001      ,   6.9464967918774784E-003 ,   1.1521392124392612E-003
   2.80999994     ,  0.19725781249999999      ,   7.1208044064840969E-003 ,   1.1852666343486250E-003
   2.79999995     ,  0.22104531250000001      ,   8.5383800157569426E-003 ,   1.3119698512339783E-003
   2.78999996     ,  0.22400156250000000      ,   9.2766599453111397E-003 ,   1.3437415540427406E-003
   2.77999997     ,  0.21824374999999999      ,   8.6464205964278205E-003 ,   1.3121479458164090E-003
   2.76999998     ,  0.20732656250000001      ,   8.0546258120704518E-003 ,   1.2612937614495804E-003
   2.75999999     ,  0.22995781250000000      ,   8.2717525307761837E-003 ,   1.3554650843795092E-003
   2.75000000     ,  0.23637031250000001      ,   1.0123521493998472E-002 ,   1.4245564791858323E-003
   2.74000001     ,  0.24199218750000001      ,   1.0154645545114223E-002 ,   1.4499827169020174E-003
   2.73000002     ,  0.21913593749999999      ,   9.8969728635169320E-003 ,   1.3647704535242977E-003
   2.72000003     ,  0.24692812500000000      ,   1.0436190097791745E-002 ,   1.4831698644950553E-003
   2.71000004     ,  0.23250937499999999      ,   9.6441440207947812E-003 ,   1.4173285117330891E-003
   2.70000005     ,  0.24863125000000000      ,   1.1524696366982666E-002 ,   1.5209041853456143E-003
   2.69000006     ,  0.26102031250000002      ,   1.2003432141188337E-002 ,   1.5801672297084842E-003
   2.68000007     ,  0.25970625000000003      ,   1.2491610458698942E-002 ,   1.5896639814658952E-003
   2.67000008     ,  0.26283281250000001      ,   1.2680098639334617E-002 ,   1.6095370755267147E-003
   2.66000009     ,  0.26924531250000000      ,   1.2363369712002963E-002 ,   1.6324332256546048E-003
   2.65000010     ,  0.27006093749999999      ,   1.3081187508484214E-002 ,   1.6536804219497092E-003
   2.64000010     ,  0.28146250000000000      ,   1.1904575584859269E-002 ,   1.6804485350824998E-003
   2.63000011     ,  0.26655000000000001      ,   1.3457624753277241E-002 ,   1.6587461775597013E-003
   2.62000012     ,  0.29871562499999998      ,   1.4997858804810176E-002 ,   1.8064906785358367E-003
   2.61000013     ,  0.28635781249999998      ,   1.3553965739094022E-002 ,   1.7443098621217127E-003
   2.60000014     ,  0.29922812500000001      ,   1.4651264868152809E-002 ,   1.8149733328130290E-003
   2.59000015     ,  0.31272187499999998      ,   1.5263274461147240E-002 ,   1.8793863753017268E-003
   2.58000016     ,  0.31565312499999998      ,   1.6049877205514495E-002 ,   1.9079200771803272E-003
   2.57000017     ,  0.32785468750000002      ,   1.6546572380594440E-002 ,   1.9650258340233508E-003
   2.55999994     ,  0.33309218750000003      ,   1.7433918913841242E-002 ,   2.0023159929257305E-003
   2.54999995     ,  0.34585624999999998      ,   1.7898191638349707E-002 ,   2.0598606478160202E-003
   2.53999996     ,  0.35371562499999998      ,   1.8609446778764919E-002 ,   2.1030210860269274E-003
   2.52999997     ,  0.35922187500000002      ,   1.8316047183667097E-002 ,   2.1257685362701330E-003
   2.51999998     ,  0.36861093750000001      ,   1.9283907826709752E-002 ,   2.1770448345935062E-003
   2.50999999     ,  0.37897500000000001      ,   1.9989746751741859E-002 ,   2.2273351608978944E-003
   2.50000000     ,  0.38601093749999998      ,   1.9830629974210354E-002 ,   2.2570614133129688E-003
   2.49000001     ,  0.39806875000000003      ,   2.1532569227969731E-002 ,   2.3217685715369342E-003
   2.48000002     ,  0.41120937499999999      ,   2.1307654476843487E-002 ,   2.3696732317005456E-003
   2.47000003     ,  0.42446562500000001      ,   2.1552398885370524E-002 ,   2.4219018634851304E-003
   2.46000004     ,  0.43864843749999999      ,   2.2259248326377715E-002 ,   2.4801957720470909E-003
   2.45000005     ,  0.45131874999999999      ,   2.3139840525686566E-002 ,   2.5331342671574661E-003
   2.44000006     ,  0.45934218750000000      ,   2.2937914141664590E-002 ,   2.5639902661636874E-003
   2.43000007     ,  0.46973437499999998      ,   2.3004660491679148E-002 ,   2.6039771727035445E-003
   2.42000008     ,  0.48715937500000001      ,   2.3201080273020511E-002 ,   2.6610148449110515E-003
   2.41000009     ,  0.50307812500000004      ,   2.3306158147119265E-002 ,   2.7121604016366822E-003
   2.40000010     ,  0.51332187500000004      ,   2.3527655815196273E-002 ,   2.7488160675835102E-003
   2.39000010     ,  0.53195000000000003      ,   2.3659809760219211E-002 ,   2.8026352684454034E-003
   2.38000011     ,  0.54213593750000000      ,   2.4130402389799809E-002 ,   2.8368079874130339E-003
   2.37000012     ,  0.56485781250000000      ,   2.3123697957001348E-002 ,   2.8873298590261342E-003
   2.36000013     ,  0.58052187499999997      ,   2.2833506250238039E-002 ,   2.9240329952143003E-003
   2.35000014     ,  0.59726718749999996      ,   2.2080469740972317E-002 ,   2.9583076368263021E-003
   2.34000015     ,  0.61168281250000001      ,   2.1488289850633325E-002 ,   2.9876507373092138E-003
   2.33000016     ,  0.62530624999999995      ,   2.1331227038053645E-002 ,   3.0135492468122142E-003
   2.32000017     ,  0.63995000000000002      ,   2.0996569049142943E-002 ,   3.0376846701485878E-003
   2.30999994     ,  0.65417187499999996      ,   1.9798378865401978E-002 ,   3.0570292084563552E-003
   2.29999995     ,  0.67304531249999999      ,   1.8318926859916762E-002 ,   3.0752796410442825E-003
   2.28999996     ,  0.68006406249999996      ,   1.8208058587882058E-002 ,   3.0878252444650582E-003
   2.27999997     ,  0.69825000000000004      ,   1.7116769299481051E-002 ,   3.0977697739887878E-003
   2.26999998     ,  0.71308281250000005      ,   1.6323693645934827E-002 ,   3.1022701995236800E-003
   2.25999999     ,  0.72320937500000004      ,   1.5475128845590210E-002 ,   3.1082357229443845E-003
   2.25000000     ,  0.73837812500000000      ,   1.4459208176305888E-002 ,   3.1048531997212546E-003
   2.24000001     ,  0.75068593750000001      ,   1.2826464153582335E-002 ,   3.1033579539688368E-003
   2.23000002     ,  0.76350937500000005      ,   1.1679398838496953E-002 ,   3.0950085321160715E-003
   2.22000003     ,  0.77134531250000005      ,   1.1199920459566918E-002 ,   3.0929454919664660E-003
   2.21000004     ,  0.78343750000000001      ,   1.0097026629227172E-002 ,   3.0793423641089120E-003
   2.20000005     ,  0.79563281249999995      ,   8.9952311402639179E-003 ,   3.0609494745671849E-003
   2.19000006     ,  0.80305625000000003      ,   8.3660190193583714E-003 ,   3.0521572429593417E-003
   2.18000007     ,  0.81396718749999997      ,   7.2310568821838239E-003 ,   3.0309093354260901E-003
   2.17000008     ,  0.81927656250000003      ,   7.3135587569975527E-003 ,   3.0228375874423946E-003
   2.16000009     ,  0.82746874999999998      ,   6.8037284563290095E-003 ,   3.0025043892406818E-003
   2.15000010     ,  0.83626250000000002      ,   5.5805852110331570E-003 ,   2.9817015591781324E-003
   2.14000010     ,  0.84236250000000001      ,   5.8427541454697755E-003 ,   2.9610970905222418E-003
   2.13000011     ,  0.85082968749999999      ,   4.9644275790667490E-003 ,   2.9329298544739746E-003
   2.12000012     ,  0.85539687499999995      ,   4.5033322565840419E-003 ,   2.9222118396228327E-003
   2.11000013     ,  0.86103437500000002      ,   4.3766682802253709E-003 ,   2.9007959551879481E-003
   2.10000014     ,  0.86794687500000001      ,   3.8905245588432245E-003 ,   2.8712070913017259E-003
   2.09000015     ,  0.86532656249999995      ,   5.6243413730562592E-003 ,   2.8887855422477546E-003
   2.08000016     ,  0.87141093749999998      ,   3.7362888073322266E-003 ,   2.8748008799049153E-003
   2.07000017     ,  0.88775000000000004      ,   2.6033931907937977E-003 ,   2.7668857675284971E-003
   2.06000018     ,  0.89193437499999995      ,   1.8996956960353705E-003 ,   2.7502820093628761E-003
   2.04999995     ,  0.89794843749999997      ,   1.6471358898329201E-003 ,   2.7093846633999548E-003
   2.03999996     ,  0.89430312499999998      ,   1.7931155763946302E-003 ,   2.7562447223100799E-003
   2.02999997     ,  0.90478749999999997      ,   1.3240767325222026E-003 ,   2.6697995464788613E-003
   2.01999998     ,  0.89845156250000002      ,   2.5575844645663744E-003 ,   2.7342770914622438E-003
   2.00999999     ,  0.90626562499999996      ,   1.3569115875147536E-003 ,   2.6805200826376971E-003
   2.00000000     ,  0.91222968750000000      ,   1.3792469128418028E-003 ,   2.6266146123577762E-003
   1.99000001     ,  0.91335937499999997      ,   1.3169454748269594E-003 ,   2.6271419181853229E-003
   1.98000002     ,  0.91965468750000001      ,   1.0815993382640148E-003 ,   2.5666477845625924E-003
   1.97000003     ,  0.91735000000000000      ,   1.1592133356619228E-003 ,   2.6077935603108994E-003
   1.96000004     ,  0.92216718750000004      ,   1.1524309707039544E-003 ,   2.5591936842154152E-003
   1.95000005     ,  0.92473906250000004      ,   9.6120676236901258E-004 ,   2.5401826448209958E-003
   1.94000006     ,  0.93142031250000001      ,   7.3924911163963068E-004 ,   2.4614118402404507E-003
   1.93000007     ,  0.92835781250000005      ,   1.0788242743457303E-003 ,   2.5139860955563790E-003
   1.92000008     ,  0.93407656250000004      ,   7.9079245920332414E-004 ,   2.4462406309933428E-003
   1.91000009     ,  0.93627187499999998      ,   7.6922467392519385E-004 ,   2.4243637223474489E-003
   1.90000010     ,  0.94091875000000003      ,   6.2732912491047946E-004 ,   2.3625854230221836E-003
   1.89000010     ,  0.94104843750000000      ,   7.6485447342288361E-004 ,   2.3706035785778885E-003
   1.88000011     ,  0.94062812500000004      ,   8.1283503304085622E-004 ,   2.3895887703533430E-003
   1.87000012     ,  0.94510312500000004      ,   6.1492369005332825E-004 ,   2.3263180951531427E-003
   1.86000013     ,  0.94448281249999999      ,   5.9969732928503495E-004 ,   2.3503611959679537E-003
   1.85000014     ,  0.94827812499999997      ,   5.6910839411123976E-004 ,   2.2926650469506510E-003
   1.84000015     ,  0.94964687500000000      ,   9.6481300736526380E-004 ,   2.2707420556107990E-003
   1.83000016     ,  0.95378906249999995      ,   4.4398153787069951E-004 ,   2.2080678564041080E-003
   1.82000017     ,  0.95309374999999996      ,   5.3281622425132094E-004 ,   2.2321566792367518E-003
   1.81000018     ,  0.95563437500000004      ,   4.2715265406476706E-004 ,   2.1924047967059406E-003
   1.80000019     ,  0.95885781250000002      ,   3.6807376142696468E-004 ,   2.1332520492866984E-003
   1.78999996     ,  0.95817187500000001      ,   4.3288877195499155E-004 ,   2.1598840497349414E-003
   1.77999997     ,  0.95951874999999998      ,   3.9234705343928851E-004 ,   2.1407833148865273E-003
   1.76999998     ,  0.96147812499999996      ,   3.6532855672963364E-004 ,   2.1062919750213221E-003
   1.75999999     ,  0.96287500000000004      ,   3.2874700059346582E-004 ,   2.0835681130979338E-003
   1.75000000     ,  0.96412656249999995      ,   3.4732049404213080E-004 ,   2.0626749394415051E-003
   1.74000001     ,  0.96520625000000004      ,   3.7285629316661915E-004 ,   2.0448065753747675E-003
   1.73000002     ,  0.96627968750000004      ,   3.0046999923573863E-004 ,   2.0289867643569896E-003
   1.72000003     ,  0.96577656249999999      ,   3.0533700392177543E-004 ,   2.0549732289928220E-003
   1.71000004     ,  0.96909843750000002      ,   2.5686915086408366E-004 ,   1.9732879335523481E-003
   1.70000005     ,  0.96938124999999997      ,   2.9043654059307875E-004 ,   1.9758289348043119E-003
   1.69000006     ,  0.97184531249999995      ,   2.4610621158128922E-004 ,   1.9128532316407736E-003
   1.68000007     ,  0.97253124999999996      ,   2.4049827709636320E-004 ,   1.9023171675843760E-003
   1.67000008     ,  0.97274531249999996      ,   2.4391658418265749E-004 ,   1.9065657017489428E-003
   1.66000009     ,  0.97470625000000000      ,   1.9909027850951674E-004 ,   1.8538011856780827E-003
   1.65000010     ,  0.97623281250000005      ,   1.8078313006785585E-004 ,   1.8116021392021019E-003
   1.64000010     ,  0.97623437499999999      ,   2.0207979523015042E-004 ,   1.8217474465032340E-003
   1.63000011     ,  0.97666249999999999      ,   2.3004022443116816E-004 ,   1.8165722337150896E-003
   1.62000012     ,  0.97839062499999996      ,   1.7457725525824692E-004 ,   1.7639725123386768E-003
   1.61000013     ,  0.97950781249999996      ,   1.7637532028581679E-004 ,   1.7308696844295824E-003
   1.60000014     ,  0.97882812500000005      ,   1.7541120763663382E-004 ,   1.7694646031610696E-003
   1.59000015     ,  0.97946562500000001      ,   1.7425778693522280E-004 ,   1.7550234230379561E-003
   1.58000016     ,  0.98165937500000000      ,   1.4523175731194393E-004 ,   1.6743580686074660E-003
   1.57000017     ,  0.98197187500000005      ,   1.3490643221019343E-004 ,   1.6719380254147066E-003
   1.56000018     ,  0.98293906249999996      ,   1.3423106018459722E-004 ,   1.6387900545646523E-003
   1.55000019     ,  0.98340000000000005      ,   1.2556800381011748E-004 ,   1.6285323120803048E-003
   1.53999996     ,  0.98409374999999999      ,   1.2606153491792656E-004 ,   1.6056003412684885E-003
   1.52999997     ,  0.98481718750000002      ,   1.2812581944527068E-004 ,   1.5804713873303249E-003
   1.51999998     ,  0.98627500000000001      ,   9.6983808696811640E-005 ,   1.5164956919830859E-003
   1.50999999     ,  0.98558593750000001      ,   1.2123663614372539E-004 ,   1.5620269807820010E-003
   1.50000000     ,  0.98575156249999996      ,   1.2395644737912969E-004 ,   1.5634653151743436E-003
   1.49000001     ,  0.98714687499999998      ,   9.7005625586831372E-005 ,   1.4990754847878801E-003
   1.48000002     ,  0.98765000000000003      ,   1.0674023666541190E-004 ,   1.4799758542316849E-003
   1.47000003     ,  0.98807968749999997      ,   9.0420650112940781E-005 ,   1.4654803526240102E-003
   1.46000004     ,  0.98841250000000003      ,   8.7945715085094842E-005 ,   1.4555778466583292E-003
   1.45000005     ,  0.98924531250000003      ,   7.7904949872749485E-005 ,   1.4133190182627643E-003
   1.44000006     ,  0.98977656250000001      ,   7.8267668387469776E-005 ,   1.3891735998758353E-003
   1.43000007     ,  0.99037812500000000      ,   7.0065001020740215E-005 ,   1.3591654887007295E-003
   1.42000008     ,  0.99022968749999996      ,   7.4763747334611881E-005 ,   1.3787359034530425E-003
   1.41000009     ,  0.99128749999999999      ,   6.5741740083958574E-005 ,   1.3138232733186921E-003
   1.40000010     ,  0.99132812500000000      ,   6.7134308219454907E-005 ,   1.3201574190912066E-003
   1.39000010     ,  0.99192812500000005      ,   5.9897781295962042E-005 ,   1.2837799839005061E-003
   1.38000011     ,  0.99202812500000004      ,   5.8009216443939486E-005 ,   1.2861246958915729E-003
   1.37000012     ,  0.99233749999999998      ,   5.8951551667322886E-005 ,   1.2707825746064085E-003
   1.36000013     ,  0.99283593749999999      ,   5.6103465128296286E-005 ,   1.2388196495810326E-003
   1.35000014     ,  0.99327187500000003      ,   5.1447411708273556E-005 ,   1.2107135732320519E-003
   1.34000015     ,  0.99365312500000003      ,   4.4874783465316404E-005 ,   1.1862967851137946E-003
   1.33000016     ,  0.99353906250000001      ,   5.0180577001868259E-005 ,   1.2044683231002271E-003
   1.32000017     ,  0.99429374999999998      ,   4.2766949538705859E-005 ,   1.1433665057184810E-003
   1.31000018     ,  0.99418750000000000      ,   4.4041470543420960E-005 ,   1.1627382382512761E-003
   1.30000019     ,  0.99479375000000003      ,   4.0823642240013665E-005 ,   1.1107630748721704E-003
   1.29000020     ,  0.99502656249999999      ,   3.9655833830143257E-005 ,   1.0938445293221424E-003
   1.27999997     ,  0.99526718749999998      ,   3.3645933151301571E-005 ,   1.0771972102967065E-003
   1.26999998     ,  0.99537031249999997      ,   3.9688481430714403E-005 ,   1.0740530032133360E-003
   1.25999999     ,  0.99581718750000003      ,   3.1929469043313228E-005 ,   1.0310667511591065E-003
   1.25000000     ,  0.99619374999999999      ,   2.9835750444605246E-005 ,   9.9260474566566161E-004
   1.24000001     ,  0.99627500000000002      ,   2.8719096727563314E-005 ,   9.9070506030493285E-004
   1.23000002     ,  0.99644687499999995      ,   2.7290007288178702E-005 ,   9.7630152720336284E-004
   1.22000003     ,  0.99665625000000002      ,   2.5835680613313771E-005 ,   9.5550491473611143E-004
   1.21000004     ,  0.99699218749999996      ,   2.3383777677815421E-005 ,   9.1555672078916565E-004
   1.20000005     ,  0.99701406250000002      ,   2.3260658218243180E-005 ,   9.2043327081457987E-004
   1.19000006     ,  0.99703281249999998      ,   2.3139603974635468E-005 ,   9.2538119875810174E-004
   1.18000007     ,  0.99730468750000001      ,   2.0316171509798154E-005 ,   8.9129529674446782E-004
   1.17000008     ,  0.99757812499999998      ,   1.8628763245904126E-005 ,   8.5356475131210142E-004
   1.16000009     ,  0.99774375000000004      ,   1.7878803691693665E-005 ,   8.3227495223919508E-004
   1.15000010     ,  0.99799843749999995      ,   1.5676032294147002E-005 ,   7.9307629998022966E-004
   1.14000010     ,  0.99812031250000000      ,   1.4729368975938793E-005 ,   7.7659000529383218E-004
   1.13000011     ,  0.99792968750000000      ,   1.6073039303255495E-005 ,   8.2020062460026657E-004
   1.12000012     ,  0.99811562499999995      ,   1.5161924100718963E-005 ,   7.9076677520046375E-004
   1.11000013     ,  0.99835781250000000      ,   1.2207907213923187E-005 ,   7.4848208055667967E-004
   1.10000014     ,  0.99839531250000002      ,   1.2784691087283984E-005 ,   7.4772852326663100E-004
   1.09000015     ,  0.99856093749999997      ,   1.1460628943461926E-005 ,   7.1716613501086554E-004
   1.08000016     ,  0.99876250000000000      ,   9.7718084746547431E-006 ,   6.7495469506182837E-004
   1.07000017     ,  0.99872812499999997      ,   1.0352939238891389E-005 ,   6.8990040355070557E-004
   1.06000018     ,  0.99885937499999999      ,   9.6437836292670167E-006 ,   6.6233862398696111E-004
   1.05000019     ,  0.99898750000000003      ,   7.8824762220344546E-006 ,   6.3252110471447801E-004
   1.04000020     ,  0.99902187499999995      ,   7.9301646896626779E-006 ,   6.2953296885778819E-004
   1.02999997     ,  0.99901562499999996      ,   7.6160027145867998E-006 ,   6.3573854999881792E-004
   1.01999998     ,  0.99921562500000005      ,   6.6971028724129142E-006 ,   5.8147521606990407E-004
   1.00999999     ,  0.99913906249999995      ,   7.2309111254269403E-006 ,   6.1208515994720875E-004
   1.00000000     ,  0.99920312499999997      ,   6.7624511719266422E-006 ,   5.9729992894623561E-004
